4.039202924698729463e-02 -1.847372182887457859e-02 8.288552852116115588e-02 1.020181990848197627e-02 -2.578550299631434534e-02 4.274979247574827584e-02 9.854973491121274409e-02 1.770169047459220490e-01 -5.049985201711328087e-02 1.426290240151633082e-01 1.393906166767206745e-01 -4.902515541862650233e-02 -1.030940775744301624e-01 1.013926473341811713e-01 -2.137532834286964487e-02 8.017380386130905368e-02 3.676601743614424378e-02 2.588183568781422528e-01 3.772569892397259483e-01 -4.197076576780582879e-01
1.034109433307530274e-01 -6.265570716331871071e-02 7.219839960269176793e-02 -2.408507172594461510e-01 3.846328868831509068e-02 -1.469635291499033769e-01 -3.267019836440312325e-02 5.384788090910269491e-03 1.825185423307437368e-02 2.981744479512079410e-02 8.163380713690709944e-02 4.111760822672707455e-02 2.955872296227548754e-02 -2.890578505689339953e-02 2.069918802001689262e-01 2.382847034230636263e-01 -2.810641967213815540e-01 -2.465025532009612955e-02 -3.648940682476692343e-02 -1.617728481504732418e-01
2.060177688152342035e-01 4.961385707553303721e-03 1.859835913296024046e-01 -6.585540494442181092e-02 -1.217948138867630120e-01 1.120793802931390470e-01 -9.213287192650781998e-02 2.759565100904486368e-01 -7.099368371127151578e-02 9.401794707731749023e-02 1.319267534282230481e-01 -1.098875945783324565e-01 -1.063447266489729315e-01 -7.529040952934487260e-03 1.151518535765644335e-01 4.180672149443383501e-01 -3.793829376879152837e-02 2.352652355872442841e-02 1.312398645994095336e-01 -1.190328555053589941e-02
6.729703436213546608e-02 -4.705423524816135239e-02 1.477027956582430135e-02 3.640710992596889878e-02 7.266728519465406877e-02 5.467064045248145460e-02 1.618985557112328222e-01 7.749217248034101502e-02 9.733355134577670320e-02 -7.600610697173819374e-02 1.457295074044357153e-01 -5.659240208129008576e-02 -2.829175656358861035e-01 -3.658277601937445778e-01 1.601085192349949449e-01 -2.837935624087361761e-02 1.615101808357798929e-01 8.688663471966718427e-03 -2.991488325362440803e-01 2.051925127966263140e-01
2.402368631658172854e-02 -6.758673736626953643e-03 4.524107215789835434e-02 -1.617964777830081108e-02 -2.101585633921121757e-02 -4.507636623957493073e-03 1.012233532565408184e-01 1.257733972732448247e-01 8.464168197813812244e-02 1.126936890432290311e-01 -1.659247225471105203e-01 4.003058030844205972e-02 4.826626583780410651e-02 1.529851690933431430e-02 2.937816388229759490e-02 3.715918514555007629e-02 -1.184116456833002456e-01 -1.645281595327701407e-01 -4.000516597305656813e-02 1.396875403662333759e-01
3.987837130266773111e-01 -4.117717459262519308e-01 -3.906541479657454352e-01 2.035909760277012093e-01 -2.505810553243221217e-01 -1.759294897647899480e-01 -9.864377203980780051e-02 1.324357159872026624e-01 -7.042616371348829618e-02 -1.055181934919068726e-02 -4.905847924315499820e-02 -4.320170851855103383e-02 -3.989703368996069810e-02 -3.296279064350828014e-02 -1.304864071167072259e-01 4.868726669235076687e-02 -3.936975200181802581e-02 3.856768072324339575e-02 -7.287867741538010813e-02 -3.858849938232015997e-02
4.098239481084005043e-01 -3.735379340990402364e-01 -4.030075282698431516e-01 2.035275042885002772e-01 -2.621780304807851403e-01 -1.868344658633268596e-01 -5.618410285656812858e-02 9.325212217862323405e-02 -2.143993161770495898e-02 -1.130446195103753477e-03 -2.089253691294208973e-02 -5.222293984829549235e-02 -2.662173090379089599e-02 -8.058337251703606707e-02 -1.576852784739956326e-01 7.081966803956278589e-02 -1.388027252762444666e-02 6.139942162766878764e-02 -9.297503085992407657e-02 -9.209640731362184196e-02
2.985008929204920336e-01 -2.797777611749263094e-01 -4.872407559609046729e-02 4.164731223658183629e-02 2.460306182022449495e-01 2.377710386562559841e-01 1.240229610862727955e-01 -4.010334328172365792e-02 -1.659976667755095892e-01 -4.145983729582201210e-02 -5.102819701210065811e-02 1.215275017468042812e-01 1.738763215212879021e-01 -2.141185793454274955e-01 1.843017641882395141e-01 3.851544499725991638e-02 -1.483575197457950023e-01 -1.017943997513865995e-01 6.723322260845784534e-03 1.507257205571173667e-02
1.147487517611700120e-01 -1.071475174643534908e-02 1.349262488296826545e-01 3.787700593890531986e-02 -1.856820974176014508e-02 8.457909721127236657e-02 2.140919968572258525e-01 2.852548635042477798e-01 -1.943123151996128117e-01 2.023572243230210566e-01 4.548358149932935635e-01 -9.365633510358678526e-02 6.914739924744320310e-02 1.803044218285503597e-01 -1.402538363089955720e-01 -1.308431613697312590e-01 -3.987539899087666484e-02 5.341154463722767864e-02 -6.589970757416040159e-02 -2.935383481705661907e-02
3.348988616831914400e-01 -3.370237693282998048e-01 -2.839507164575922893e-01 1.828811129786947209e-01 2.795462130607591009e-02 -7.497251174532360007e-02 4.242680869810917105e-02 8.587867147567175563e-02 3.736308159316042293e-02 -9.341979840258586576e-02 6.181951757295745843e-03 -1.273115613721028695e-02 -3.581769476799076535e-02 -9.193778167493781017e-02 -5.547850306194204544e-03 9.382197649142340681e-03 3.834408139079107519e-02 5.185747577839835976e-02 -1.362331936751658146e-01 -1.417521410581216168e-01
3.997284150534944347e-01 -4.011360143976544501e-01 -1.597572066241175759e-01 1.853739739489366350e-02 -3.157557213126638840e-01 -2.039381401789110149e-01 -1.310730986314495861e-01 1.130450556139859369e-01 -5.119559727170425872e-02 -1.205963463232799689e-02 -2.053483665241233325e-02 6.135827974647148353e-02 -1.158371345013103765e-01 1.066997406530659220e-01 5.554550106716946850e-02 -4.398645040902967457e-02 -6.752913951788727664e-02 5.150810751267881349e-02 2.547555525924465741e-02 1.842375361715875570e-01
4.429877060422121593e-01 -4.848562052512839782e-01 -3.344732258075494014e-01 1.990529284802664556e-01 -2.446761940172628713e-01 -1.436346615700520024e-01 -1.309791279276595055e-01 1.190569487988281105e-01 -9.332953720476112880e-02 4.770066374461994635e-02 -3.524190508442577585e-02 3.142003082856840296e-02 -6.259425632125416306e-02 -5.614376307994756871e-02 -8.784701496799278420e-02 1.249843204838579046e-02 -7.053326165131761083e-02 -6.535377288976600141e-02 2.821800837849735080e-03 1.070868003037167906e-02
4.560627554230092251e-01 -4.775144509321150865e-01 -2.659927260199203558e-01 1.650937860685051939e-01 -2.608571754638014939e-01 -1.369031730125251090e-01 -1.368762052356429504e-01 1.214358759224297424e-01 -8.109070697780014492e-02 5.235032045314048227e-02 -1.208517974686753975e-02 6.013267862284280008e-02 -1.048097052403970803e-01 4.665322108675342555e-02 2.915986198599561895e-03 -1.553043073790962014e-02 -6.153941448120606866e-02 -8.005912362480689659e-02 4.650076427441436622e-02 6.125725512543768458e-02
3.390502511258089435e-01 -9.252041191084617311e-02 3.611885826829452917e-02 -3.942420033455933948e-01 -9.388564606597075979e-02 3.083468033027872424e-01 -3.184896516466286798e-01 1.289235643941779585e-01 1.129404216174519915e-01 1.886270813287436177e-01 1.230180048405495469e-01 -2.872501063043813099e-02 -8.313718390515962772e-03 3.467173426756282179e-02 1.886166154699968900e-01 2.135331297314481958e-01 -4.352945750375144390e-02 4.652955071794528247e-02 -5.392024248105442563e-02 4.263387592062772846e-02
2.647938865225251126e-01 -9.544787755107275729e-02 3.039307794833982258e-03 -3.143385568721564494e-01 -3.824096983897365409e-02 1.885531951582752330e-01 -3.403873875964585349e-01 1.651128280735332521e-01 9.861052027671690645e-02 1.402647729566915691e-01 4.157988306867985151e-02 -3.604560980525192216e-04 -2.576627773188464379e-02 1.246594711042745473e-03 7.069166193034399220e-03 -1.691600055077641940e-01 3.124763972721032457e-01 -3.677438757486533455e-02 -1.498100229319318522e-01 2.897885019272452081e-02
2.185661677570337746e-01 -1.404988793118142620e-01 1.255240047103897139e-01 -4.634937827199219207e-01 1.194173171369233982e-01 -3.811387687451584516e-01 -2.936792924201461069e-02 5.712369932747421442e-02 -5.954785014678342508e-04 -2.894245000664337486e-02 7.407812078154438207e-02 1.960827569249268265e-02 1.770756602871504520e-02 -3.595639792965747011e-02 8.858528117187425277e-02 6.290333523870370036e-02 -1.013958934312135934e-01 7.311582481978783771e-03 -7.974808222155332221e-03 -1.502502414828533334e-02
1.135264356651841527e-01 -3.027009438389059726e-02 1.137812916592181867e-01 1.469102317183779496e-02 -4.311694404105407912e-04 3.056818378385145821e-02 1.934411992017374404e-01 1.564075128195376863e-01 -2.772003065170997732e-02 1.973820866973224203e-02 1.009299267344557771e-01 -1.183101434408544567e-01 -1.074349999851978293e-01 -2.132083708211444661e-01 -5.452557156649395081e-02 3.148323623571968460e-02 1.110313638786590146e-01 1.721116967282623408e-02 4.552609465540362055e-01 4.477089878363573611e-02
5.580988246435931721e-01 -3.634823211392265163e-01 -1.921816449646403802e-01 1.948902596223665851e-02 1.923610463507837431e-01 1.712270670913921544e-01 8.002224226122084394e-02 -1.007781571911646329e-01 -1.301083046703040424e-01 4.549932045900554473e-02 -8.205956997845204048e-02 5.109393721873110167e-02 6.917382602120032697e-02 1.944690150550455396e-02 1.097266623618097237e-01 1.239844681616086852e-02 -4.099943220042576164e-02 4.283614791998308080e-02 1.880198536139335991e-02 -3.115573753578472840e-02
4.308785139821297294e-01 -3.905164651189040881e-01 -2.005729575031127421e-01 2.214622498636028836e-01 3.169109323509106818e-02 -9.452590837967440873e-02 -1.037539037014342386e-01 3.450497709254178591e-02 8.836019319731756860e-02 1.393922112427900019e-02 9.976333227201037920e-03 -1.335524835831569668e-01 9.873568202195801002e-02 6.797242634154007646e-02 8.419552500428686623e-03 -5.518331397710758701e-02 8.756393632272484184e-02 -7.248174392202864913e-02 5.227898171792903781e-02 3.967656394392335417e-02
3.401807285578064555e-01 -1.438668655979098432e-01 1.043560911880660191e-01 -3.502240831813537292e-01 -2.078079333872414891e-01 2.732407036969273229e-01 -1.574359867945892000e-01 7.620929674594935366e-02 8.192407676521964999e-02 -1.055587024652161476e-01 1.919794541414849426e-02 -1.148182466781889483e-01 -4.231762087288221119e-02 -5.769226507446176266e-02 8.303890442278057116e-02 1.492212847682134191e-01 -2.024806794193036164e-01 -1.037299198620802304e-02 8.075249890171093403e-02 -1.755324355157428587e-02
1.498827524963501634e-01 -7.243275470022078610e-02 1.919203130181013420e-02 -9.344009278598855439e-02 7.437514036300423015e-02 -7.869872703572104722e-02 1.421071114694115109e-02 -7.847426996042726477e-02 1.348790795752652372e-02 1.674058945931373443e-01 4.776694589385719648e-03 -8.841398358966121029e-02 -1.240599397421688482e-01 -3.348212534790527550e-03 -2.584304804536235456e-01 -5.809128238379156900e-02 1.957908951615265625e-01 -9.707508111879675772e-02 2.545096626708057141e-01 2.921973399505390367e-01
4.485014636290108880e-01 -7.817678005857772727e-02 -8.242280754754958971e-02 -1.069066752298136747e-01 -1.224143842993971054e-01 -1.542075291627922548e-02 1.242130516699539583e-01 -2.907340958866048708e-01 1.014428404677628764e-01 2.147435225094947164e-01 1.635380311377938184e-02 -1.525234901929941322e-01 -7.719576883123720201e-02 4.896008552498805344e-02 -2.627914479441640916e-01 1.355335435450627235e-01 1.048920447806262479e-01 -2.406306612192597033e-02 1.253190446767128447e-03 1.086597258011132716e-01
2.379279438476316622e-01 -1.806331371863645063e-01 1.421833655682263609e-01 -4.784660114177731738e-01 1.888134540366994130e-01 -4.766115032324613754e-01 5.168084859260421368e-03 4.974728513236280347e-02 -3.209421865454935990e-02 -4.423894994258340679e-02 5.366125567483597675e-02 -4.026314466215374921e-03 3.797352907959855584e-02 -7.122085568329668270e-02 -1.193326189378583237e-02 -1.495171353657248105e-02 7.579145915740292862e-04 -8.668596487833149511e-02 -8.935188477407724622e-03 -8.578535470339275493e-02
4.987902119701484449e-01 -4.157509571470413001e-01 -1.511091297711454340e-01 -4.988921786209058601e-02 -9.836449039741835404e-03 1.982668095300001987e-01 1.126438548032117071e-01 -1.032847842678971256e-01 -1.062897035673675966e-01 -4.294176613095629369e-02 -7.082089318357720487e-02 1.270638585512238149e-02 7.930883328247820274e-02 -3.638317817018999617e-03 9.566665289439880981e-02 -2.125801637651180548e-02 -1.040449188650880014e-01 -2.004421845348421799e-02 4.534977832071472592e-02 3.463440192138343005e-02
7.209346625295677546e-02 -3.417129307811648392e-02 1.277686837387937979e-01 4.082953011577628022e-02 -3.286499883757689616e-02 7.288585155266733007e-02 1.459617617079011220e-01 1.677679697992764674e-01 -1.727814057112882218e-01 1.440050594604691259e-01 3.742855218370914616e-01 -7.690880978924458100e-02 9.407588662430403648e-02 8.406558426043328480e-02 -1.925901784945935058e-01 -8.039584786984782516e-02 -2.495229364985911968e-01 -7.638763225539189905e-02 -1.822417894663378168e-01 6.460792337747922609e-02
8.615182310966991441e-02 -4.585968354058324314e-02 1.290034505660750952e-01 -1.223660113206721245e-01 -3.133977740221421254e-02 -1.552751704627067519e-01 8.196396513028840480e-02 8.916721627200659139e-02 4.908592749934802268e-02 5.627129005050588231e-03 9.371239637342255319e-03 2.229214637012429112e-02 5.909176772195900290e-02 1.860217288630441196e-02 1.583871013324143762e-01 8.322855645014393122e-02 -2.300238817845686179e-01 2.745514997323397210e-01 5.478123630732634891e-02 4.718093670388541772e-01
2.536643814540649466e-01 -1.921566240650776636e-01 5.551722000238080990e-02 -7.124999194685537052e-02 1.574059252330016756e-01 7.162902901939405265e-02 1.716023702258945120e-03 1.142227409591210947e-02 -1.179880788316775703e-01 1.750857742384620275e-01 -2.848579962402969512e-02 1.927743992437228743e-02 -9.155654132568201431e-02 -2.039749515202105290e-01 -5.199258765044616898e-02 -9.014237241145843516e-02 7.548058687333361605e-02 -2.123805056526007484e-01 2.723373874225699098e-01 2.898791560005342105e-01
4.796282173113897707e-01 -3.376566858599816534e-01 -1.662671221184894021e-01 7.629853040808534659e-02 1.192786976198457888e-01 1.412583769783400944e-01 3.170545894891297345e-01 -1.452734314485923106e-01 1.552437354386263513e-01 -3.281758948068829590e-02 1.440951038948541096e-01 4.279406199909791680e-02 9.522139887677014136e-02 -1.027127331020758899e-01 1.570098481133779811e-01 4.768952459107927283e-02 7.058805149846354710e-02 2.599020154280014261e-02 -6.947321089117742925e-03 -1.121692696282340918e-01
2.531749288327572178e-01 -1.266705929698543065e-01 1.286297968161818905e-01 2.093131734026212540e-02 8.996094041789805262e-02 2.197989908075111132e-01 1.885880911687689010e-01 -3.141232449798210535e-02 -2.615004381584489779e-01 -1.239371367564768150e-01 -1.004525478365526636e-01 -8.747014420233473198e-02 -4.176236013833056759e-02 -1.561632242451677643e-01 4.086246666238531333e-02 -4.002501366264758775e-02 -1.580892425169372340e-01 -1.008685447867117835e-02 5.063736008521947662e-02 1.851797691040383276e-01
5.518891483560935951e-01 -2.926238829005170516e-01 -2.590349786104313989e-01 -1.538885288664587712e-03 4.903510563042982190e-02 9.295932898994686833e-02 2.161934059968126931e-01 -1.739952080628628384e-01 1.053719893049776951e-01 3.849728253119066163e-02 7.539147416867621188e-02 5.033917619461775184e-02 1.386474267516137060e-01 -1.161177137899682965e-01 2.287123809324548632e-02 4.244253596924024707e-02 6.845598748254878851e-02 2.657810592783846348e-02 -1.698016033613615819e-02 -1.418305085424008960e-01
3.720299990141089364e-01 -1.156866970718870569e-01 1.060699271137537439e-02 -3.997469110882714838e-01 -2.127730902396730503e-02 3.455809507926025370e-01 -2.872317555626011654e-01 2.996959988915914169e-02 1.578626956715553087e-01 1.871857244486352101e-01 5.591470023646763488e-02 9.439376685374856191e-02 5.413842885608247113e-02 1.956664138786250867e-02 3.537875084314287544e-02 -5.065310603195395667e-02 1.553742596869411852e-01 4.662757070685290967e-04 -1.406105447998062530e-01 7.294499802645411585e-04
1.253442515319286577e-01 -3.709719933319992335e-02 1.626925713740018653e-01 -1.681489559000534303e-02 -4.664529668285480324e-02 -1.042486274535335371e-02 3.437585040608101550e-01 3.485792306671767760e-01 2.459646601243117847e-01 2.774036605918290821e-01 -4.130361886171144414e-01 3.661228247681001108e-02 1.047159102819100879e-01 3.658526727272391667e-03 -7.101503804553251607e-03 -3.691466726918510299e-02 -4.498503681798561582e-02 -5.299375368729523222e-02 -2.600594889277946589e-02 -1.012105138996460298e-02
2.670930177156833896e-01 -2.625181345566515723e-01 -8.576290152489594865e-02 1.686207117544662459e-01 2.350825621764566220e-01 -2.468171488795965415e-02 2.113825273662045014e-03 5.729842447256873646e-03 1.872242754599039161e-01 -7.647882886844675765e-02 1.116924126832327530e-01 -5.252790534699401659e-02 2.913008753255841299e-01 2.161294789100259572e-01 2.138969829749063911e-01 -6.956678271869039254e-02 1.423126559334245145e-01 -1.042768578812656444e-01 1.975060547056005644e-01 2.950712326187604831e-02
2.924117372145755289e-01 -2.625665265550774508e-01 -5.186159453196365759e-02 1.863747269105469062e-01 2.525518371476861978e-01 -3.068187946463285173e-02 1.544967284573726084e-02 -5.175251585646135390e-03 1.516178031395307158e-01 -1.027609210581625493e-01 7.179837544232059443e-02 -3.596815415276742589e-02 2.369642650493242186e-01 1.993647715330497117e-01 1.864869346430154118e-01 -6.161955638630342569e-02 9.405100700669088987e-02 -3.406252326070520475e-02 1.414001522807804834e-01 -1.411892414206784331e-02
1.566967361784603052e-01 -7.853889710120569301e-02 1.299631961324463902e-01 7.339485079473534457e-02 4.232109558605173100e-02 1.044282480331086421e-01 2.451322388663302876e-01 2.290674861698631104e-01 -1.849063703265023118e-01 1.194084868425811241e-01 4.286416298702647176e-01 -6.062760756472099916e-02 1.815731794064747995e-01 1.141801791701924362e-01 -1.156406634120885624e-01 -1.871193644378029153e-01 -8.179484272918599586e-02 -8.706827282846069105e-02 -1.429179012921307501e-01 4.482821480076191328e-02
6.136022842990510595e-01 1.327424694379381598e-01 -9.395818431349604871e-02 -2.418586749364458333e-01 3.559931300715252905e-02 1.156222015251290591e-01 -5.717448447683909363e-02 -1.976300974309385394e-01 1.079928088305703443e-01 2.470569359385490216e-01 4.038731454110997682e-02 1.920851433930564900e-02 -1.231408000632889903e-02 3.299931764873673817e-02 -2.835136388006531671e-02 4.783587270952127657e-02 -1.395921856683626609e-02 3.659305385532519994e-02 -2.252898247966095627e-02 1.116864672601032733e-02
5.323688074036060369e-01 2.152903711946286547e-01 -8.239698162559373762e-02 -1.422691632331088696e-01 4.707713861217520390e-02 5.453942207112000978e-02 -2.930696248370434978e-02 -1.358735423319409052e-01 1.273306766174460147e-01 1.139606932329208511e-01 4.430697637035090758e-02 2.096005411872166879e-01 1.250508142950835233e-01 -3.031818163858810908e-02 -1.882319522731568939e-01 -2.824899872947659804e-02 1.455321286827465990e-02 1.603681990682135350e-01 6.837637432900472989e-02 2.149298854028882863e-02
2.733187971062687738e-01 -1.749116166899772618e-01 1.364700829886164590e-01 -5.121317561174431043e-01 1.952739647536780865e-01 -4.665730874676217721e-01 1.479280934117330713e-02 2.653969016036663783e-02 -4.155948827646954724e-02 -4.565146422035368245e-02 3.213077410233582815e-02 3.259117923566708964e-03 1.925694912709382742e-02 -8.214727173132363447e-02 -7.531404794333464159e-02 -3.810269110050750613e-02 2.820495502886046987e-02 -1.203450014959241005e-01 7.604468605524481763e-03 -1.042751221531817846e-01
3.852021906353141900e-01 -2.546980380138300637e-01 -1.711094175383225460e-02 3.495744567106765649e-02 3.750515726942110217e-01 3.169967435930189786e-02 -1.422750125886739804e-02 7.611089528156987638e-02 2.817433574858727030e-01 -8.847354218085555499e-02 4.877021395037920565e-02 3.570233479509863500e-02 -3.729514216762239709e-01 3.901657130438402482e-02 -4.118525880269397615e-02 -1.367264647432393510e-01 -4.804924538699239384e-02 -1.388754157223141827e-02 -4.732835122485962165e-02 -5.238676205854966156e-03
4.678761884701639895e-01 -9.623511233224489592e-02 3.139394006157483763e-02 -1.891532313570665480e-01 -6.557523502296447315e-02 2.052082305508853566e-01 2.171745254964243255e-01 -3.973245671173176730e-01 1.392842644542066077e-01 1.275400045219085565e-01 7.703323677319594493e-04 -3.003414350630639537e-02 4.124291880920093190e-02 1.231750388694234921e-01 -1.645200142011162270e-01 1.839320167221642210e-01 -6.326261154637367878e-02 -4.292825142096965557e-02 -1.936877867386917543e-02 1.819478353257935124e-02
2.958487847672874316e-01 -1.850080880589110299e-01 1.365936171939145516e-01 -3.966728487820930099e-02 -2.593059224366778270e-01 -2.634190917431854517e-01 1.405690411401379625e-01 -6.814455950366311854e-02 5.718366859137257591e-02 -1.538299011197292732e-01 4.404626405149637824e-02 6.501219049992357224e-02 5.752105810557478494e-02 2.238907908738989871e-01 1.927519263734576993e-01 -5.401800097314599092e-02 7.116682000689451837e-02 2.931763761878437569e-01 -1.930096966086063473e-02 1.787323253527438038e-01
3.765047294387254828e-01 6.778110284970365051e-02 1.079999600852502295e-01 -5.562597742498354148e-02 -2.033056935969235757e-01 -1.316576156967656829e-03 2.628571258225073093e-01 -2.684101308336893643e-01 4.878862972981617280e-02 -1.280931471660039234e-01 -6.937319575568125229e-02 -2.565871840870499465e-01 2.588724809222176307e-02 1.019090024523880839e-01 -1.971327971228209464e-01 1.728812768343915562e-01 3.822557185863764695e-02 -1.405588453798295445e-02 -7.597811658829151105e-02 9.684616527377668286e-04
2.550242123299803487e-01 -1.094642137685174627e-01 1.046043966598570185e-01 -2.326827818867545916e-01 -1.425437504873104666e-01 2.991577015186459576e-01 -7.968478680399485037e-02 -2.755780311916311565e-02 8.381995651904505795e-03 -2.231827303020503528e-01 -1.020138729588053877e-01 -4.670832469842037954e-02 6.914955754962343049e-02 3.790391516958265677e-02 -1.432978559308276667e-01 -2.531855101946971498e-01 -7.551159613875237098e-02 -1.462892526213132316e-01 2.484412846766177393e-02 -1.021952785110687434e-01
2.025092053453435847e-01 -1.807396250920944858e-01 8.652217080573819386e-02 -4.437497472486696681e-01 2.109360101378461305e-01 -4.275384999636167027e-01 1.537801683870601739e-02 1.631180744494722251e-02 -6.213200501324353531e-02 -2.104317268747225508e-02 3.884633597383180953e-02 2.153410102057863942e-02 1.423669109237615804e-02 -7.356808160530971252e-02 -6.636889483287501668e-02 -7.661891043693447312e-02 5.662958143600739513e-02 -1.239689935523023007e-01 2.658453834070612087e-02 -1.015136116635950853e-01
2.113199817256023461e-01 -3.806387107555203597e-02 1.140944888710097721e-01 3.883274749311326629e-02 -3.500292210896359738e-03 1.035316606421284591e-01 3.253608327859443539e-01 6.093704065915014206e-02 1.126296746299910723e-01 -1.013429469829495166e-01 2.078998033809233148e-01 -9.504359583999699712e-02 -2.283745681632572411e-01 -3.762668713383096053e-01 8.301661115561501103e-02 7.602501955423286717e-02 1.947574681243953998e-01 1.048650031992537368e-01 -7.853128076790226453e-02 -4.759006004274045354e-02
2.540470133139510756e-01 3.324515464150346739e-02 -7.057883435785285500e-03 -3.113917014488023095e-03 2.119966294617013358e-01 1.251288397230371496e-01 -3.347426767346980275e-02 -1.305212867747657969e-02 2.832176757607788864e-01 -1.328258167288855485e-01 6.213054739105026286e-02 3.206746382860543032e-01 -1.945232252001760920e-01 1.931212222669965728e-01 -2.205872180844198616e-01 6.261109733014139783e-03 -3.462095404434231694e-01 -2.923842573789302290e-02 8.705312973887532890e-02 1.239370411108584209e-02
3.056159667469145469e-01 -1.215716969310331602e-01 4.571004936008188912e-01 1.224615107871703107e-01 -2.648791179457993805e-01 -1.888369957041830373e-04 3.833251607165757968e-03 -5.758763629583781019e-02 -7.083297841723930344e-02 1.909505546311198246e-03 1.860276231430133681e-02 2.919820373196583829e-01 -1.359091820365128100e-01 1.103869579953754565e-01 7.932256337352193432e-02 -4.344155723841644501e-02 1.166628985993704154e-01 -7.038269081212386591e-02 5.096843250152555821e-02 -5.777786302903181737e-02
4.001081179568786728e-01 -1.559381481147179282e-01 8.458826998527543828e-02 -3.410719377747619546e-02 3.938864544805092960e-01 1.537688031698067892e-01 2.169125257824350977e-02 -2.081443848401457689e-03 -4.645896234318283580e-01 1.620505030013331613e-02 -2.547295548710518109e-01 -2.301549550611146563e-02 -1.059360384428377627e-01 1.527326718797784033e-01 2.993393764830885179e-02 -6.575450088583759123e-02 3.441406369071720039e-02 2.520694223642973020e-01 -8.016236559562574249e-02 -4.435381635384526983e-02
5.244745758932979618e-02 -1.527078478380279429e-02 8.117771455298462835e-02 2.394855238928521486e-03 -8.853649027212468284e-03 1.172902195971936047e-02 2.026953881041932415e-01 2.717962323064328500e-01 1.432852637360649273e-01 1.770449865827108393e-01 -2.725006544890071769e-01 -5.802542070634331660e-03 -1.257103485362805542e-02 8.375091823195691607e-03 2.199661857554592939e-02 2.351741619235141970e-03 4.249928938633217024e-02 1.645185925792551351e-02 -1.235579527137952577e-01 -1.066617560508814899e-01
2.695016421864476208e-01 -3.589809831732507228e-02 2.490484467094411791e-01 -2.227091969883188971e-01 -1.654771016018536656e-01 -2.259160109825561480e-01 1.883379726985955627e-01 -8.548956337005024497e-02 4.497364875282711810e-02 -2.784211754348836498e-01 -2.521970610278063962e-02 -1.286472898536323850e-01 9.398120305918497563e-02 3.598567170219955924e-02 -8.505855165425205144e-02 2.793600927148743446e-03 1.929229207514048319e-02 1.279581250156710537e-01 -9.391074721031333894e-02 2.016175328544907858e-02
2.769754131406735875e-01 -7.201863676553067750e-02 3.718992242223375655e-01 4.942135763531427251e-02 -3.038115000640090324e-01 -6.499567042268407369e-02 1.492143477622626113e-01 -1.041301806475270486e-01 -3.674202506168275373e-02 -3.304160413250519651e-02 5.241550111265311923e-02 2.358565316056956684e-01 -9.508646439080739587e-02 1.630497227815744521e-01 1.281747041190701153e-01 -1.661205146614252656e-02 1.560799907202124748e-01 1.024213280622539302e-01 -6.177278192208985469e-02 8.055955359985900177e-02
3.097775091331082531e-01 -1.171018070491286756e-01 4.510763144723646256e-01 2.340768242579319702e-01 -1.805277366161478214e-01 -6.402694776266207310e-02 -5.538164837085635811e-02 -1.611600644449217301e-01 -6.391051157188284981e-02 1.247123897804444936e-01 3.615201643117301605e-02 2.239361233443856736e-01 -7.984446396020593306e-02 -5.312186348254641088e-02 -1.584757646833149375e-02 1.051576272199549952e-02 6.635940766194277363e-02 -1.336690634348431939e-01 -9.732409188787971609e-04 -9.037403875304746148e-02
3.435036795598858106e-01 -1.984515593860891325e-01 2.956647244040388339e-02 -1.819335640355985717e-01 4.206101797830881228e-01 7.223193977480667216e-02 -3.739779622317230406e-02 -5.710688365292740376e-02 -4.292923755341737091e-01 1.235956223080619948e-01 -2.464216495768674908e-01 -2.610760496858894816e-02 -2.023440973220752837e-01 1.484387039091787652e-01 -1.237939253867014096e-02 -9.289830611948847461e-02 5.304756877802363491e-02 2.183906297214521786e-01 -9.098956471168816174e-02 -2.260224456598987700e-02
2.970818532639377119e-01 -6.813041963903355980e-02 1.411869042465250523e-01 -1.986596743753875349e-01 -2.444792519381993601e-01 2.708443910403695587e-01 -4.957993763251254682e-02 9.378968280681972136e-02 -1.951540619063992302e-02 -4.097670696190162110e-01 -1.241273454847670460e-01 -1.443163955991313974e-01 8.009651140390895707e-02 -1.119948673869967937e-01 -1.179471615308925608e-01 -2.220621651022326726e-01 -7.782636678231530381e-02 -1.001761525868664487e-01 5.917749965231241388e-02 -6.080438379871051791e-02
3.111889667411084637e-01 -1.533916613872913226e-01 4.551430962001598024e-01 2.108395520235930021e-01 -1.407566399931457490e-01 -2.879979439041318885e-03 2.338068789917781363e-03 -4.170397241815056860e-02 -1.218449383890041482e-01 1.826277144041297748e-02 2.655556697713502834e-02 2.980574508341753970e-01 -4.098126786693052914e-02 1.495010078639995126e-02 9.961191413301669073e-02 9.128031105534338205e-03 9.932081675493696638e-02 -1.406479377492790006e-01 3.786989032687158169e-02 -9.529014743800069687e-02
1.191063698695562639e-01 -2.054075880615389635e-02 1.734253094396596140e-01 -1.737188962330208156e-02 -6.427214517629518953e-02 -1.779250342664224355e-02 3.442397551239470554e-01 3.726933797817021943e-01 2.298054724901972545e-01 2.841162593678314696e-01 -4.217338874379163438e-01 3.757936052018061995e-02 7.796143878660062587e-02 3.235567346207902928e-02 -2.742795076255915079e-02 -3.300207439218938443e-02 -1.906263622677076622e-02 -3.900437534500438702e-02 -2.638669845670031655e-02 -4.380485286782636462e-02
2.468591154021292922e-01 -7.443751976950653548e-02 1.048361034805036923e-01 1.875213796040694214e-01 3.374414751437767035e-01 2.751980565549457663e-02 1.956977623245214140e-02 1.144699958951647945e-01 3.973748321727526012e-01 -2.296838201279955693e-01 9.195400332453010361e-02 4.697350314574780250e-02 -4.173165851823924521e-01 1.421418894457055493e-01 -7.502446371136092806e-02 -1.018641060811019405e-01 -1.623313819159819260e-01 5.315800123488854945e-02 -3.435730817663334297e-02 -2.463407846182675762e-02
5.645605924201796411e-01 4.091575572964550878e-01 -7.871508219323054834e-02 7.730597946453984792e-02 5.109540540028144340e-02 -2.594394376109580846e-02 -3.514352344647302118e-02 6.797601707010708649e-02 2.047091911804536837e-03 -4.995332166609478541e-02 1.025993634695825975e-02 2.323206045356995542e-01 1.456135219536327519e-01 -1.325775539967696259e-01 -1.385043794083102020e-01 -1.850898446210848258e-02 -1.384354222175111261e-02 1.672885341480410404e-01 7.829005299918267990e-02 2.072181407229302386e-02
2.819008712735213695e-01 -8.721156712687028190e-02 2.815498389261902878e-01 -1.488313308315760419e-01 -3.029002325099596771e-01 1.475085368735984392e-01 7.312992414702683408e-02 4.083224641361692803e-02 -7.972582514608158796e-03 -3.277817341359662295e-01 -8.213878001113167349e-02 -3.962600800612847696e-02 6.146158328193905562e-02 2.433178753766890995e-02 2.463164064012961577e-02 -1.487505988536121371e-01 -1.546353601937216181e-02 -2.512123162767459887e-03 -3.607578593705310782e-03 1.365929750020208368e-03
4.751646256499689747e-01 2.254397404066370292e-01 3.631002997621034928e-02 5.425333156071266566e-02 -4.917645748521907306e-02 -5.809755433168371092e-02 3.822210430955263333e-02 -1.131755583202736504e-01 -3.316471700705561632e-02 6.537435232139678087e-02 -5.649734534315454387e-02 -1.750849291331448010e-01 -1.482970492149953967e-01 1.468794053495478258e-01 -3.160183381824429455e-02 5.188977037429670647e-02 9.401180561120761614e-02 2.745398981657314399e-02 -1.015143355186671204e-01 -8.891225731138661936e-02
5.647322742539557794e-01 4.526255539697875419e-01 -4.038666299509897223e-02 -1.588092493064203765e-03 -4.661800393426659972e-02 -2.369418214806765649e-02 -1.988968455759431569e-02 6.030101773460382758e-02 1.687890807328571580e-02 -2.719075308192070092e-02 -3.564835687738419738e-03 1.467697630337566062e-01 1.035503036312859643e-01 -1.255214026799281180e-01 -4.012309810478111027e-02 -5.270610422313715127e-02 -9.655249782319567931e-03 1.179696802065862832e-01 4.221920662773769733e-02 7.737513176866913159e-03
2.681475135516420694e-01 -1.471600990383496177e-01 4.386507978930711538e-01 3.171125484790933702e-01 5.976368562814465130e-02 -5.930521670562050041e-02 -2.073130040489871428e-01 -1.067500869720760109e-01 -2.824569630090565872e-02 1.257171064792910464e-01 -2.065789707753528867e-02 -6.632494428914299800e-02 2.107879039838003038e-02 -2.055502879567131791e-01 -7.225844816292344153e-02 3.507404923667256647e-02 -1.749262881555639360e-01 4.181324644207578059e-03 -8.270011811342733998e-02 -7.594467154201857417e-02
2.980875957955138045e-01 9.204806460788446387e-02 6.449510549802378589e-02 1.548659555746885463e-01 2.634439841091746892e-01 2.046269016075933853e-02 -6.424241188332191488e-02 2.538762938131923219e-01 -2.430390784480549685e-03 -2.556819616472661427e-01 2.709719466080612316e-02 4.071023267242031979e-02 7.026261268665637272e-02 2.034008812385948717e-01 -6.041751986094465177e-02 2.872999635818129782e-01 2.135385791977930103e-01 -1.726466972987835413e-01 -7.153712123917618793e-02 1.100838300942122150e-01
5.172079685559820561e-01 3.883245745070333932e-01 -1.676158707567061354e-02 7.336944907331785504e-02 5.752521205128884735e-02 -3.904535949954270752e-02 -5.967336262387151063e-02 8.700174640985568197e-02 -6.258076495641769384e-03 -6.456958644335383801e-02 -5.875285845580583907e-03 2.253839504767326252e-01 1.071208157794890092e-01 -1.086917433288068502e-01 -2.189304070782952250e-01 -1.363021908631427762e-02 -1.154636543891022875e-02 1.923535832692238323e-01 5.190504110260265452e-02 3.588375234168743322e-02
2.874205919983764956e-01 -1.555935957325367269e-01 4.929278413750814991e-01 3.165103303963993642e-01 4.941504327287606513e-04 -5.433614420833681596e-02 -1.604575531511734654e-01 -1.447052741609144710e-01 8.108926299580402421e-06 1.074518087874143935e-01 -7.179469791190420426e-04 8.030441063611969132e-02 2.845657947989558775e-02 -1.138348592816893351e-01 1.457202673928866161e-02 -2.265852695013574614e-02 -3.322409512840483053e-02 -1.168059904924068776e-01 -1.680075420375121489e-02 -4.011010134285553780e-02
5.034831130549480838e-01 3.571551055452041878e-01 -3.153796319929143971e-02 2.850569238908022118e-03 -6.481029854815033298e-02 8.969898378778718914e-03 -6.234857724066891066e-02 6.328884703249387789e-02 -5.763655996353591986e-03 2.098118783895365491e-02 3.854575301356603792e-04 -9.567498480675290518e-02 -4.152679119862597544e-03 3.974909891471770790e-02 1.151906047384446269e-01 -8.215257322794343453e-02 3.188898118687692046e-02 -6.976019051866372278e-02 -5.415158652415655305e-02 -3.226478671892842737e-02
5.860302133281092285e-01 5.265610340755595420e-01 -8.075422462891665432e-02 6.598804066437824467e-02 -1.544347712519396516e-02 -9.645922375801067872e-02 1.247340699914761472e-02 -2.274061323086335601e-02 -3.288402489350605168e-02 2.640705279186403298e-02 -7.980602144888137781e-03 -9.998248922818074591e-02 -7.174313665771200887e-02 2.566878615484129503e-02 1.335785255156309026e-01 -5.678560268958532387e-02 -6.270576260822012526e-02 -1.129869418709174150e-01 3.484125246150289196e-03 -1.006394307494974660e-02
5.764687778954168396e-01 5.198790870910000583e-01 -9.920835105356200223e-02 7.556191912302086255e-02 1.124722215736709795e-02 -8.508740697550545851e-02 1.877850809593413842e-02 -1.643128278198566217e-02 -1.887078929783442272e-02 3.953139265016284570e-02 5.831580236787825295e-04 -8.620194697553869301e-02 -8.309166086631084025e-02 3.737232911053080253e-02 1.561691949706031646e-01 -5.849536650301635776e-02 -7.425795888564426517e-02 -1.242347225350559220e-01 1.172169163116903307e-02 -8.563481321461471549e-03
5.783313179503410950e-01 5.426108594905144633e-01 -1.058902153463388424e-01 6.331231532749753699e-02 -1.654565272734620160e-02 -9.291138419668615311e-02 -6.662229300687105837e-03 -9.255635777301884221e-03 -3.720797663776156949e-02 3.894422328573284020e-02 1.260460617505177773e-03 -7.212979495709768984e-02 -4.767996135806888691e-02 -1.041461378598912760e-02 1.617305337280789956e-01 -7.541663823887376217e-02 -7.797150657242439553e-02 -9.045140117056953144e-02 1.832900332300890084e-02 -4.038502397329423073e-03
5.560658078239714142e-01 4.489106013624551972e-01 -8.928887155369499840e-02 1.046230301030728477e-01 5.041873159460612958e-02 -6.685625885062468354e-02 -1.100912414297628913e-02 5.584612229071534567e-02 -7.715184328872905228e-02 -1.764781498588311251e-02 -6.335441195712326369e-03 4.075953189522561054e-02 2.530890716848546371e-02 -8.205363892259480429e-02 5.032553522014004965e-02 -2.158015845881120290e-02 -3.637310479927371998e-02 -1.823656947731156983e-02 3.358152097279550746e-02 1.157759903459134633e-02
5.386056577574359627e-01 4.621989578005746280e-01 -9.169688747011679741e-02 5.460361834191149871e-02 -4.199289906140886430e-02 -9.731826883734664979e-02 1.229215087985453467e-02 -6.834081215722460911e-02 -2.653967408066197978e-02 6.486073054177213248e-02 -4.245021137787443645e-03 -1.766907969290240354e-01 -1.154242572838741210e-01 9.922766267662451456e-02 1.193791448313210879e-01 -6.256665959969336110e-02 -2.449428226928605790e-02 -1.125812390035109828e-01 -1.801402929603229328e-02 8.006575862062667711e-04
5.783498838982675805e-01 4.897438376965957962e-01 -7.671587405961650952e-02 4.014804476638005049e-02 -5.368612810087149828e-02 -6.671117622362505994e-02 2.893255785401493627e-02 -6.294556430537910641e-02 -3.578578866279633758e-02 3.867521454583081747e-02 -2.100540327556135040e-02 -1.603343305587610346e-01 -8.680868243991578248e-02 8.666860470168095965e-02 1.561546694670252478e-01 -7.457234777681930049e-02 -3.992864653179471063e-02 -1.429085021587875037e-01 -1.599704983102375605e-02 -2.391212322868630988e-02
5.235903883680222970e-01 4.384104496173285015e-01 -1.312447178335265918e-01 8.400182485196573678e-02 -1.680695911950880889e-02 -8.042884687342355399e-02 -2.816520314680809686e-05 2.795615681745577952e-02 2.703328747673599316e-03 6.609968002212996199e-03 4.097515738048882611e-02 9.432907282717561959e-02 7.472335990678408146e-02 -1.230895498883666922e-01 1.571078652857724883e-02 -4.078277877526327588e-02 -2.706808889566617721e-02 9.469539829284573385e-02 4.230399557836610896e-02 -4.935039756508579310e-03
4.049377659125900641e-01 2.407131406930769213e-01 -1.631488665357946552e-02 -9.250716436037779988e-02 -1.098922536867817656e-01 8.578977196088770352e-02 -1.631805439659007595e-01 1.979953232911907945e-01 2.956251946227766991e-02 -6.979017767764353342e-02 3.395391595608183988e-02 4.850933433037624837e-02 1.595541230915915598e-01 -1.590023931869986584e-01 -4.781671101938076568e-02 -1.258515068723514152e-01 1.658044666232542652e-01 1.746875633392108995e-01 -4.755915660144942325e-02 -1.663359247767233831e-02
2.125381966200088346e-01 -1.239685712839510012e-01 2.918098734722910370e-01 2.515787077943369976e-01 2.285360208279521577e-01 -6.328778094426612544e-02 -1.900639246470599286e-01 4.434103281557512377e-02 2.098536631581133516e-01 2.309448684717951145e-03 -1.039821459899605179e-02 -2.924170606250284798e-01 1.997304853960293058e-01 6.267493131873483336e-02 2.562604263332655952e-02 -3.304942199987111195e-02 7.202123256784614957e-02 1.091074886324902155e-01 1.355907967106990443e-02 5.940030962748397980e-02
2.278471669736191751e-01 -1.411879289261677162e-01 4.328809824161221065e-01 3.236484338136203509e-01 1.326358169221004135e-01 -7.581464762157610893e-02 -2.789094052063462170e-01 -8.148376989382115354e-02 1.338443553023587473e-01 9.633965224310288289e-02 -1.692922275721136377e-02 -2.231944440584856248e-01 1.273493810836699713e-01 -1.141731453150364450e-01 -5.236751482854633266e-02 -5.889084608362731010e-03 -8.888932882866361351e-02 5.767205282334553207e-02 -6.204368576596039353e-02 3.462720123567276497e-03
1.794348757708581210e-01 -3.322887979830168453e-02 9.569796321533603767e-02 -5.259588201150214998e-02 -1.723370576417425359e-01 1.189878259855459280e-01 -5.945808390781030794e-02 1.356659130279375125e-01 -2.283890572326251547e-02 -9.831171944246581973e-02 -5.525111225213016897e-02 -2.566443312877969563e-01 -1.804298243293324111e-01 9.697162848387425038e-02 3.599554074388599395e-02 -6.113643374307121958e-02 2.927783263435609906e-02 7.460316600400811182e-02 2.376632841406463859e-01 -7.729400820329496158e-02
3.280471621161502593e-01 1.691912403632730988e-01 9.167579913918098844e-02 6.352181248815645664e-02 1.759356221421370381e-01 6.661042942763260866e-02 -7.400854361256196945e-02 2.136176978868379039e-01 -1.554034856627657113e-01 -2.044945803924451966e-01 -8.494966039694001880e-02 7.839527249775472828e-02 4.984399732122483939e-02 1.296400885793391744e-01 -1.417716349895742078e-01 3.548572256536497993e-01 1.708448248334519526e-01 -7.625674253380121392e-02 -9.539135626783358524e-02 1.191883785500841841e-01
2.008249033471880829e-01 -1.186820205820124374e-01 3.691895314170571818e-01 2.370085332019848945e-01 1.173573241948225182e-01 -7.727290294718307251e-02 -2.126712448712438641e-01 -7.269429057656442983e-02 7.362939388159016330e-02 6.827847617917220946e-02 -9.331827842002504703e-02 -2.734311117416388659e-01 8.756457643065265750e-02 -1.306821649381335604e-01 -6.703161056001838425e-02 -2.353967572073258335e-03 -9.726800119729887839e-02 2.156855516239398196e-01 -9.427670808398487881e-03 1.238253392871675219e-02
4.295905639364550610e-01 1.449703999123904963e-01 6.153497541561653988e-02 9.701671651348316161e-02 1.321950120367610670e-01 4.315826801737415036e-02 2.936748547192685743e-02 1.440672530023273390e-01 -1.247352632240456144e-01 -2.562777404264756087e-01 -6.775625879994427725e-02 -7.550147411342491427e-03 5.793881221570199719e-02 -1.981138383919108653e-02 -1.536666504526352506e-01 3.462995938768994586e-01 6.355482197197877270e-02 -1.521560735774944439e-01 -2.707699754575569606e-02 -3.600135460001955418e-02
