1.205190537042495407e-03 -4.053284813770908768e-01 5.218204388203142446e-02 -1.539216260922678103e-01 1.208963941110239998e-01 5.144464540464391278e-02 5.572825077689223111e-02 1.006369869501562708e-01 -1.214640614528769702e-01 1.948645593775795437e-01 1.670723979630291470e-02 1.093382789631816565e-01 1.516933978389128912e-02 -2.939428447265527572e-02 8.312585698030114378e-02 7.395396991665080522e-02 -1.688678961473086271e-02 -5.313541321659538685e-02 -2.044105360697914733e-03 1.873639927113044529e-02
1.941972752474391273e-01 -7.006623411872174578e-02 -2.968598187866791083e-01 -1.878708051277850621e-01 -1.344402713288747331e-01 -5.648612667859060493e-02 2.363838599492387171e-01 -1.671167095195479069e-02 -5.337646983778301241e-02 -8.205960924618567465e-02 1.020306556849952112e-01 -4.900923814663078748e-02 4.237724106887371528e-02 -1.216467601008204003e-01 3.455166312286146041e-02 3.705125164613911476e-02 2.407929688588537551e-02 -1.174928864059241601e-02 1.508087418768780733e-02 -4.751477557266509111e-02
1.271885912944445696e-01 -3.239264150531631081e-01 -1.926189150864306143e-02 -1.078041957875354034e-01 4.221829672364761643e-02 -8.796799318652448463e-02 8.829175562291795287e-02 2.295092491918186359e-02 5.800821470690719489e-02 2.199336560065153975e-02 -5.696907781312969543e-02 -2.203610024277207965e-02 7.541318889795106672e-02 7.535362856720152769e-02 2.401932787516060028e-02 -1.571830571065191764e-02 3.994541801985516949e-02 -2.681266068103249460e-03 3.728060326233080535e-02 3.563713418323682242e-02
-1.858702097808236642e-01 2.395135943729474470e-01 1.964626279719776103e-01 -1.181423664829310410e-01 4.797670951637896669e-02 1.127704790795501927e-01 -6.256845444250412613e-02 -8.066470454990939953e-02 4.044960901840145145e-02 -5.823866684243783620e-02 3.308410787624804783e-02 1.361319890935675792e-01 -1.060958059786635361e-03 -1.393705643912772178e-02 -3.818566752339736751e-03 -2.317747928774934948e-02 1.255064626850778131e-01 -4.647687372605243533e-02 3.279971904979642194e-02 3.216309035073017242e-02
-9.491486969073052726e-02 -4.086091841622541132e-01 -3.721667313727931026e-01 -7.064547868694685817e-02 -8.717109711335782607e-02 1.160659385454896469e-02 -1.397596321981027789e-01 1.178580868534189890e-01 -1.331814184292948733e-01 -8.034771176090775568e-02 -1.119960869191242298e-01 -5.823643311769188813e-02 -2.605961354787027923e-02 5.322724755971446065e-02 -2.796253770840616965e-02 7.861056930814301624e-02 5.924097658689155693e-02 -1.422079598242109721e-02 5.240889899844329569e-02 -4.157585197025225662e-04
-3.366080345480323976e-01 1.824454731907639848e-01 -2.901361674803078217e-02 2.524642917281250676e-01 -2.797371051979774537e-02 -6.135343693665622905e-02 -1.046886724877803265e-02 3.263234072061430013e-02 -9.775991160338498576e-02 1.628174319978110442e-03 -1.273386886009083077e-02 -9.997898523590977721e-03 -8.436475803299905984e-02 2.271842288962010181e-03 1.383201874690542408e-04 -1.648548962905593482e-02 1.176631833728001165e-03 1.526767014211193735e-02 3.248035311140912845e-02 5.677445093099581924e-02
-2.257360839976873257e-01 2.137650152016932203e-01 2.467806721512602174e-03 2.141121425989843396e-01 6.747596156686835878e-02 2.011111585907417523e-02 -3.601809235742579884e-02 7.663855814766805385e-02 -1.736941618431648293e-01 -6.983584530333018792e-02 -1.394499860679207157e-02 -2.458278317662173848e-02 -4.236201502558469001e-02 4.979338373475588470e-02 -3.095602948417023464e-02 -2.956582955109060204e-02 2.451748571978947661e-02 3.258821414521002879e-02 -1.811566009739432482e-03 -1.870926092011273092e-02
-2.271952925277140878e-01 2.424694423266107457e-01 7.118459526055159747e-02 -8.736844593815679128e-02 1.347546843148834106e-01 -5.322200595206840433e-03 2.232748307615234004e-02 -2.875028705661533679e-02 7.912837063529001846e-02 -4.523419219986864193e-02 -4.999455868717362500e-02 8.104140277073916543e-02 -1.771088704552434626e-02 5.797514780583772065e-02 4.753068458230068349e-02 -2.057946226319974994e-02 3.747951180817860745e-02 9.135271743196152552e-03 -7.700859597786456623e-02 -2.442867561997792009e-02
-2.177102681613410917e-01 -2.314362220090079580e-01 2.041924019545859059e-01 -2.668285134079491083e-01 1.916075410017037683e-01 1.265754758439457950e-01 -3.205567523507163452e-02 1.693263238247949831e-01 -5.910868152778409740e-02 -7.266150045037299277e-02 6.748510777504390656e-02 -8.512408795851340859e-02 1.169444000478545367e-02 -4.696187384448122920e-02 4.888494116857158671e-03 -4.184747913266534391e-02 -7.644982235677588722e-02 -1.523252080819432509e-02 -2.359426256219226622e-02 3.343839932122600819e-03
-1.859288917043621370e-01 2.844303069282850260e-01 9.743630713843834390e-02 1.222691032442422693e-01 -2.827088092823910534e-02 1.191072799225104985e-02 -7.859206428963856628e-02 9.877893216423722089e-02 -1.320553842384915022e-01 -1.277615096783975279e-01 7.525562763797367938e-02 1.089721186230403066e-01 6.281761137704827865e-03 1.507482037044930931e-02 -5.658759167151161673e-02 4.064589340812996970e-02 -4.345241936287808256e-03 -8.469909845169201409e-03 2.781872538076595944e-02 1.346425842230296495e-02
-3.225337983282647314e-01 9.394005852445429239e-02 -2.247211906809019333e-01 2.314292313364428311e-01 6.900183188915788579e-02 2.659618902051272098e-03 1.069349963189545130e-02 3.905299819410341239e-02 1.233186669977570649e-02 5.164490281424891777e-02 6.816057843757994394e-02 2.447315883608507797e-02 2.073794347725730486e-02 4.827766082345413823e-02 1.078282887036509929e-01 9.625767816889548023e-02 2.923242440443253251e-02 -3.263157828701881286e-02 -1.705749646009523807e-02 -4.942247092258122976e-02
-3.481642835420696303e-01 1.731180603907124527e-01 -4.718924779885942666e-02 2.377896108455175850e-01 -3.782226696620532430e-02 -8.959763352445695994e-02 -1.561336124329520264e-02 3.417362244714114428e-02 -6.755934402158776664e-02 1.455696179192145744e-02 -6.301250649628922264e-03 4.125638715426322399e-03 -6.000329521128573707e-02 7.184963373409130813e-03 -6.332731665147074652e-04 -4.091141243607656144e-03 2.467744455647166713e-03 -3.937305655137153179e-03 1.719969720461507826e-02 5.367094313408329875e-02
-3.806425178048027935e-01 1.517724323092832506e-01 -8.290402565066161411e-02 1.166285343111151812e-01 5.845555439692129429e-02 -1.143706714093023491e-01 3.029960976010147647e-02 9.904965618994542031e-02 1.872409991110022404e-02 -3.066652808949376459e-04 -1.515216586240360208e-02 -5.220436456676173786e-02 5.944296081269775933e-02 7.147840905808203193e-02 -1.159206364341825585e-01 -2.615655398650726729e-02 2.157243335149192087e-02 -3.455820454977055756e-02 4.728665084130771745e-03 -1.819079233503103840e-02
1.810693917472968595e-01 -1.125083730815734373e-01 -9.104783353861281570e-02 -9.119867517841782900e-02 3.267935994764016583e-02 -5.960326272725432334e-02 1.327361504807481329e-01 -6.267934720055094722e-02 -5.296738284684244374e-02 -5.790231818829743443e-02 3.818221243406846183e-02 -1.558313954038381861e-02 1.112240592754783625e-01 -7.468864525469811298e-03 -1.832821350755224621e-02 -1.616444954067770834e-02 2.455310617736222722e-02 -2.263405710648828950e-02 4.357435294745659604e-02 5.692980396048025887e-02
2.630574585851561675e-01 5.350331905360224778e-04 -1.337064464259507535e-02 -8.453868558085871066e-02 5.061420437045231757e-02 -4.433834472590457432e-02 1.461962386568921024e-01 -1.489714660847574479e-01 -2.067741475969679110e-01 -4.265642423169530018e-02 -2.340355657915005674e-02 1.162032530719235048e-02 -1.278429281349049811e-02 2.640073460626958871e-02 -9.476710792939390532e-03 -5.612871576838077137e-02 -2.605737417473051945e-02 -4.574241159110177535e-02 -2.163258535549216974e-02 3.555451328012398937e-02
-1.258028574086175744e-02 6.154093962050797423e-02 -4.217096470430670707e-01 -1.664017957960762240e-01 -2.011616375817392444e-01 1.056299306585936487e-01 8.812078932092147487e-02 -6.621115060331285440e-02 -1.475972566919891288e-02 -3.828483252281057736e-02 6.192379186994646095e-02 5.489446894624749190e-02 -1.384686699801396595e-02 1.153873931791556812e-01 1.656348823887688129e-02 1.185282458706921407e-02 2.870743758162171491e-02 5.579196932438200418e-02 -4.855803021521425816e-02 7.174102914245306106e-02
-2.035318800636008174e-01 1.012786584767889075e-01 1.431675678448102451e-01 -2.334038335383891716e-01 1.952402315740020267e-01 1.979323188986766013e-01 -4.250862393602054812e-02 3.768409495766535111e-02 -4.787603904790779102e-02 1.499356204650156565e-01 6.507131820873693351e-02 -1.159199390751638331e-01 -5.267230182856218190e-02 1.016317221194146247e-01 -2.929811524550415477e-02 4.696287995692646766e-02 5.103780853960036140e-02 4.557706416792577792e-02 1.777056000098445505e-03 1.219353670938362090e-02
-2.190616611758128274e-01 2.148719114906700867e-01 7.041087139832132025e-02 -7.470534401093002763e-02 -3.259281306817631702e-02 -2.917311736753199283e-02 4.477186884833849606e-02 -4.894377944115627793e-03 5.329744336280753392e-02 -2.644783208139232095e-02 -2.367998186021456897e-02 4.839864961157947648e-02 -3.737684192414182649e-02 -2.880300514724851504e-02 7.051021966538516261e-02 -2.807116281469223401e-02 -6.581271367762629720e-02 6.515453420942110552e-02 1.393438324097251782e-02 1.721779165065909223e-02
-3.946277937258776958e-01 1.272640146249806314e-01 4.544207574665670019e-02 1.019142989065546234e-01 -8.737351452811283059e-02 -6.563804055591686108e-03 7.873850936866026717e-02 -7.013792290431160488e-03 3.463908446525412049e-02 1.269757571390968398e-01 -3.718459857943933605e-02 6.565037096604094645e-03 7.810257073206132265e-03 -1.456931229560803030e-02 6.494313877860410271e-04 -8.544122209041375704e-03 -1.642457040877059321e-02 7.858424285268333920e-02 -6.296275543664479890e-02 -2.983852467765042704e-02
1.278052559571239144e-01 -7.879704328205774932e-02 -8.912315205724734291e-02 -1.495130021802135688e-02 1.031238181093596523e-01 -2.003799020116260876e-01 9.769437602853089930e-02 5.625328862420477666e-02 5.643313609581020879e-02 2.134070243811114070e-02 2.618073550093040144e-02 2.107398157255433585e-02 4.039427535889952153e-02 -3.827630596357972387e-03 5.445061500186001296e-02 -3.863740084947649839e-02 6.808051160167976831e-03 -4.863985850824499753e-03 -5.365515799121171187e-02 -7.306550534300778298e-03
1.280661132167235094e-01 2.288574458803900868e-01 -1.286086337282662251e-01 -1.212483314594546280e-01 -1.540421039966730909e-01 2.532389696814479202e-02 9.751169177676903208e-03 1.243825149788775203e-01 -6.553722214993525086e-02 5.810402341912163093e-02 -1.101683515941774411e-01 -8.746139823176631023e-03 7.444370104757919160e-02 2.508128347925412185e-02 -1.263050343247731390e-02 -7.937691374943285638e-02 2.823198285915349409e-02 4.688437897935950754e-02 4.024116058577391353e-02 -6.228131031440715948e-02
1.036568751061573007e-01 2.461729839743838633e-01 -4.412105697425284558e-03 2.982594459861754796e-02 2.830619904145179749e-02 2.122972327019204478e-02 9.644766938941777557e-03 9.622189707704978390e-02 -1.011074700762065459e-01 -5.879072388298903912e-02 -2.062935210287382762e-02 -3.060432060154504724e-02 9.375375286861885316e-02 3.312985650554145511e-02 1.088637235063896896e-01 -3.515058020897580959e-02 7.142502114809153035e-02 1.114482516517334258e-02 -4.711703146056166885e-02 1.128977560621469145e-02
2.346751910471148866e-02 8.948311650064258438e-02 -4.261003410830224158e-01 -8.846686065812517374e-02 -1.150018386390979364e-01 9.934022946003913390e-02 4.142811823316450842e-02 -8.025711764406512350e-02 7.270951768977343410e-02 1.509541797318544008e-02 7.126563140503656968e-02 1.061280382826820974e-02 -3.635071585276498235e-02 5.826531718344016286e-02 -3.473511149285295370e-03 4.306490552669908073e-02 -3.021054204807434307e-02 -9.249655300084886483e-03 8.528219022424635143e-02 -3.120328830515904997e-02
-2.123224098906904833e-01 1.813708473580671887e-01 -4.699114349923325107e-02 -8.381968777283961558e-02 1.094905047923590974e-01 -7.582161252988349476e-02 -4.004503870629318868e-02 4.210579782419822392e-02 7.222785102648079936e-02 -2.846659367378798211e-02 1.631932479141934289e-02 -1.097366422055729394e-02 4.354196871957178444e-02 7.743584491999580544e-02 -1.015479923801666275e-02 -1.650777953546460298e-03 4.071266895690523087e-03 1.149268144312290928e-02 -3.469245163334658266e-02 8.671639462297504181e-03
-6.407134050366017353e-02 -2.675578124952296966e-01 1.972606104749445033e-01 -1.782786706624826800e-01 1.120671334170127431e-01 -2.609977233638977739e-02 1.301390871992923193e-01 3.604883486464362935e-02 2.669903400459710738e-02 -1.007554188630807035e-01 3.044403105809141002e-02 5.579906950106939233e-03 -9.319725461525832366e-02 7.787793287233041317e-02 3.919222849065538347e-03 -6.564077006138721582e-02 6.414871888006453901e-03 3.258055654946599017e-02 1.033413395776233840e-01 -3.654161349751638976e-02
-1.138976680305441858e-01 -1.111140893954608438e-01 -4.833362171634993931e-01 8.242714688187668948e-02 -1.265730149866925724e-01 5.177353122209026742e-02 5.277826308693354951e-03 1.150688252811020301e-01 -1.101588164348785148e-01 -7.117465756646216939e-03 -1.650748205787868836e-02 5.364746895365297974e-02 -2.734753416998229707e-03 -7.997376845568859860e-02 -2.411524685010021929e-02 -1.860290180263802010e-02 -4.218854629018584795e-02 3.072823552152677967e-02 -4.592191812204846069e-02 -5.296516668498616603e-02
-2.252125983229540107e-01 2.259215121259880721e-01 4.330051301281288845e-02 -2.343867404755990147e-01 -5.000695291261345043e-02 -7.006357746507371753e-02 -7.717821408345826306e-02 1.344348776255944455e-01 -1.174620310166004690e-02 1.396652030198805017e-01 1.766548617237901631e-01 1.878175413598383650e-02 -6.427002359702591039e-02 -1.889685168199304460e-02 4.584630404955819527e-02 -1.570343036957096150e-02 -8.064816229663646086e-02 -1.191213913693325854e-02 2.226619930028776641e-03 1.741528350506124298e-02
-1.292284574852994306e-01 1.309723894518128318e-01 1.436944226817420400e-01 -2.424103642502812780e-02 1.274113120833930135e-01 8.502741390739572414e-02 2.622710227878949363e-02 -7.087991669074136802e-02 1.863712090903224886e-02 -1.064892836032671052e-03 -3.056834270615585089e-02 -9.784327095984996642e-03 2.061867899354545477e-03 -3.062461799081857695e-04 -1.977705720498519615e-02 1.726702056933577525e-03 2.521698828776454404e-02 -7.462281317043052697e-02 1.668712126473481314e-02 -1.054883750829669654e-02
-3.139948738539484197e-01 2.730901722753324434e-01 -8.828790594964441851e-03 -1.362154297751726473e-01 4.721178752928501671e-02 -1.840671818551307126e-01 -3.216082910335060080e-02 -9.838124219645281304e-03 1.619651145961086280e-01 -4.259304816999662235e-02 -1.408572467708314908e-02 2.595169175415385637e-02 8.837124827404267691e-02 6.881482210059074178e-02 5.592076467744342555e-02 -9.275818533531102889e-03 9.589494772032688269e-03 3.424582533257360811e-02 1.455750719248147251e-02 4.407699045196133286e-02
-1.028366912736547456e-01 2.262108627586184306e-01 8.828314262637987353e-02 3.291333393496673199e-02 1.069360303814529956e-01 3.005350950878623792e-02 1.511967565710188241e-02 6.314360424626051099e-03 -4.231285179888610859e-02 -5.029349063153083776e-02 -1.517103131857327689e-02 2.351483924382322122e-02 -9.093457501160797860e-03 -3.725801279789611731e-02 4.268376589745413036e-02 -2.266420757678517736e-02 -1.656705462981221399e-02 -1.516192191590707682e-03 -4.776417026543986616e-02 -4.243002019469208075e-02
1.626192417296393744e-01 6.743775898670169300e-02 -7.990471865266983789e-03 -3.185795430744728374e-02 1.171749623006891200e-01 -4.205880834087365183e-02 8.061685158153561459e-02 -1.597676428641277013e-01 -1.399907063453171008e-01 -7.498274339643697800e-03 2.555649744457598460e-02 1.931574067584075974e-02 -6.186646319014101232e-03 1.490334777615702315e-02 -3.736595058120271984e-02 6.464984309922248984e-02 6.476846440976880004e-02 1.007991132195072831e-01 4.516870817181622283e-02 3.613949055075783845e-02
-1.448726295463630964e-01 -4.491879273491523605e-01 -1.445909708561666229e-01 -6.983708533559047915e-02 2.022811462565562643e-02 1.167849808295877700e-01 -1.277176736460113593e-01 -1.741394878643677258e-01 5.170414804599772485e-02 -1.783202604885449072e-02 -1.502947449703281313e-01 1.280266626889686732e-01 1.654434262787213977e-02 -7.950530964172201898e-02 -4.763113666710530776e-03 -1.202179217445558601e-07 -2.242573710739191942e-02 9.416324721230365583e-03 1.442121832268689931e-02 -3.683935217815266505e-02
-2.565185636098508692e-01 2.162885399236293693e-01 1.420991790343164585e-01 -2.968790933230268901e-03 5.089791129019844568e-02 8.393887950975485734e-02 1.275822187968119747e-01 -7.281580195765696706e-02 3.264597314003510331e-02 6.038292343603361007e-02 -1.019687491705797838e-01 -2.505930940345218322e-02 -7.468867318970788712e-03 -2.294436697128586500e-02 2.968861371226302025e-03 1.366557827504190879e-02 -8.427548064628551105e-02 1.487410019849585464e-02 4.686067289508599742e-02 3.420487444928523024e-02
-2.558164500027071964e-01 2.184248424355966223e-01 1.411592205364211317e-01 -7.681623833841529081e-03 5.169811326322339140e-02 8.238923676831046150e-02 1.268203395101923370e-01 -7.345223055132489576e-02 3.586222487596837927e-02 5.771841281793108069e-02 -1.025231673555468959e-01 -2.268322644947353903e-02 -8.654350519090909036e-03 -2.230769806385433235e-02 5.476978084161906145e-03 1.360126781882925635e-02 -8.454818513611918329e-02 1.225899341258579640e-02 4.933690020445903601e-02 3.596638610488499949e-02
-2.068704586266998102e-01 -1.145512694241349050e-01 1.756266424581835184e-01 -6.282771293430602921e-02 1.942696847547177030e-01 1.368437928059770825e-01 8.769915250973741444e-03 6.963029754056698772e-02 3.587226771504341966e-02 -1.294140689628208718e-01 -4.780670121595324146e-02 2.799636785474306916e-02 7.924197776142426208e-02 -6.261260081066594152e-02 -8.253914886785308769e-02 8.571437847441006064e-02 -8.028467622873687592e-03 4.902442140960480005e-02 -2.767284764310632902e-02 1.314828851506422537e-03
2.104395139344823473e-01 1.025010787744294605e-01 1.590207520565504714e-03 -3.410235939605474331e-02 3.397485850121292894e-02 -1.862021915620153817e-02 5.109478611633384154e-02 5.934386773570828749e-03 -6.167684847937289494e-02 3.294108534085715689e-02 -4.049994517744973099e-02 3.453463330255097941e-02 -3.434853053425140912e-02 -4.828186242311265780e-02 -1.972053997347834181e-02 3.501046384096733865e-03 3.209851779009340045e-02 4.433594257826597301e-02 -1.673782018671021721e-02 3.048918671618877987e-02
2.556765496952205230e-01 1.167609641230380885e-01 1.578173250986515952e-01 -9.498330532569933607e-03 -1.708839808233117985e-01 -1.492282836469950025e-01 -4.444349002664867848e-02 -2.071869954221501609e-02 -6.865551637991372524e-02 4.999188722612551983e-02 2.310565532336947281e-02 5.503693239517684632e-02 1.019684884656419793e-01 -5.171701705238053448e-02 1.851661042177846217e-02 2.050989154926786268e-02 1.632799010661580702e-02 6.388503357694783058e-02 3.728449121115202936e-02 -6.842343532825069519e-03
5.934509472864647750e-02 1.010017868450234224e-01 -3.726846287681273573e-01 -8.972235538463423088e-02 -1.537767788858388496e-01 9.404938830294774788e-02 -1.791197209211013025e-02 -2.702250926375545856e-02 2.899332501890052732e-02 3.682333302169221029e-02 -1.811931474920920604e-02 4.806925860619431362e-02 -4.521087681040329015e-02 -9.374766944971402866e-03 6.282613253235913575e-02 -6.735625988284581200e-02 3.928644874669854486e-02 2.386712988257902457e-02 8.083056332268256233e-03 -2.140146019696572560e-02
-1.512013412911239196e-01 1.894974684711117907e-01 1.770224982013725856e-01 -6.550822885378226879e-02 -2.123960431149975459e-01 6.038186818672455075e-02 -5.151250442055069212e-02 1.868795435909397689e-03 -1.009537450654660311e-03 -6.751509455117439551e-02 8.023979134398070978e-02 1.005638966802023943e-01 -3.997693571307363303e-02 1.391003330101830623e-02 -2.812158646864741304e-02 5.457073207764111950e-02 -4.259578188193027803e-02 1.809701460072773299e-02 2.872991202557459087e-02 -7.106823768142028763e-02
6.146728420171395507e-02 1.666368123503600696e-01 7.110159128473338142e-02 3.035252427888612131e-02 1.223976557064606063e-01 -1.354000984033321663e-02 -4.346848149930494093e-02 -6.287161347200115324e-02 -3.554534104095655178e-02 -5.838041814939761570e-02 1.854151581915672829e-03 -8.895595285190983914e-02 -1.406485148600808768e-02 -1.961003268834107111e-02 6.750628548822923403e-02 1.270761287900410048e-02 9.201547193846791942e-03 3.639324075313948165e-02 6.236803488112785399e-02 -4.440105905542016812e-02
-1.259620880185213510e-01 -7.062372339903363883e-02 -3.061785345079468534e-01 2.606107561877605838e-01 6.482354918006502653e-02 1.645510910968581370e-03 6.532572593664791316e-02 5.388666191523593801e-02 9.066490046703335609e-03 7.319004253460678275e-03 4.278075814559724466e-02 1.899758735268042287e-02 5.668825555211391004e-02 -3.741350653444613233e-02 2.557036924232240771e-02 5.673018456051187597e-02 -7.657339305438555510e-02 3.999414655832767701e-02 2.416988994394251959e-03 2.044299494462952990e-02
1.605873801381498267e-01 1.685783016598888240e-01 -8.818291940271960616e-02 1.216760431880189453e-01 4.800818420673524239e-02 2.033454968335008384e-01 -9.961529076524638926e-02 -6.080829100559727307e-02 6.173125848825613410e-02 -8.289145338961269316e-02 3.778968770981032399e-02 -9.097716094455171598e-02 2.367584959910108700e-02 -8.981648842178970721e-03 2.207550182112483911e-02 -3.050612177257489357e-02 -4.609462485796400610e-02 7.648640914862057938e-02 1.936422570796078255e-02 -1.001032295056928506e-02
4.249852910762940555e-02 1.052144556353081656e-01 -1.486762556898819365e-01 -2.090255433077955333e-02 2.093552371879763563e-01 -9.355260575047877336e-02 -1.768159884836525697e-01 -1.938635821339343701e-01 -9.634615038919464025e-02 -2.252278025268519487e-02 5.252756622168518012e-03 -3.459251722977929600e-02 6.814939409626345757e-02 -3.333383858582284615e-02 -4.492731724392688003e-02 3.194103975346799379e-02 -5.045938157582653683e-02 -3.112295041241596588e-02 1.565671274191689569e-02 -5.942056513016680253e-02
-1.191793798821306066e-01 2.287407792304189669e-01 -2.907632542104405249e-01 -1.896365685588062289e-01 -2.198253756196942021e-01 1.288433102370526717e-01 -5.072320588867770819e-02 1.622575591735949882e-02 7.494617877807174811e-02 -1.092072720449797051e-02 -4.092266456523427354e-02 -6.477634356959788287e-02 8.380159858848944265e-02 -5.784122587248519826e-02 -7.428693086153902170e-02 -1.232615468611341150e-02 -1.901588783771672453e-02 -3.631526383217142939e-02 -1.470494015902308604e-02 8.962509717585552538e-02
-2.044504159908389351e-01 1.695101906425344196e-01 2.467474131976294949e-01 -2.305863250426942734e-02 1.145678262515164442e-01 1.012809399721890519e-01 -7.088687261107259885e-02 -1.598470765286199441e-02 -1.007971846820557571e-01 8.192744624802575371e-02 4.943277096129661263e-02 1.123842367839415074e-02 6.795925086478173116e-02 -1.057398904144321861e-01 6.644173212236587078e-02 -2.082499446911562774e-02 7.367618941479370243e-02 -3.301550265051857169e-02 2.537635158708299431e-03 1.712863389294616914e-02
5.549992508290465393e-02 1.817384188590604466e-01 2.520121701346004217e-01 5.382099209599463391e-02 -1.688224562861755096e-01 -1.249953639219282819e-01 -1.048199771244097550e-01 -1.098670069906374502e-01 4.928075287195391591e-02 -6.856649356087418656e-02 1.166091108972176910e-01 -1.153899911985999671e-01 3.179856343216656920e-03 -7.095924044669274511e-02 -4.332996947069998363e-03 5.705738465140341303e-02 3.146121439822566895e-02 7.749785791557490915e-03 -4.495258748446661484e-02 6.011283709517867280e-02
-5.873924703374397427e-02 -3.985729279875542264e-01 2.826811270656250791e-02 1.083090895409203336e-01 7.167718604845830545e-03 2.662278657305509194e-02 7.798951413326621340e-02 -5.298722935195077696e-04 -5.763745577403044801e-02 9.542140555772511690e-02 9.829923578942559759e-05 5.503607740324759599e-03 2.786865662147119949e-02 2.169970566192754372e-02 -2.043814339849892719e-02 1.429846484588524497e-03 7.186042588689892097e-02 3.177154868242432900e-02 -3.734720747163999821e-02 -1.648811542628778742e-02
-2.136401162728331360e-01 2.859239083706773821e-01 -4.967049017827206148e-02 -1.410074020685274931e-01 -7.015529154023751601e-02 -9.645911553821687190e-02 6.035781971752781500e-02 3.954529108085488853e-02 1.209663046945820275e-01 -2.675382643818211698e-02 -8.465146788661594146e-02 -1.715523312135124392e-02 -3.985599213543604413e-02 -4.241676171937259565e-04 -4.147418470250956168e-03 1.338022297895294886e-02 1.877504223692283425e-02 -4.495532693309628458e-02 -2.547933474099722470e-02 -5.003406144090451202e-02
4.661487032570327954e-02 -3.363764175814771828e-01 -2.215685553007272768e-01 -1.977203500341997294e-02 9.668910299608672598e-02 -1.738308339568168936e-01 -1.462216129540576393e-01 1.854819620978378006e-02 2.643002261931927735e-02 -9.532139415507330515e-02 -5.236952644023373793e-02 -6.862224408392154917e-02 -9.171050659034137020e-02 3.092051702754642500e-02 9.626903167079055301e-02 3.184872900225647202e-02 -4.692043807046347020e-02 2.032249957916043570e-02 5.324978438119648376e-03 4.824498486053784702e-02
6.323739512510710703e-02 2.623014730602582500e-02 -3.130234061689492475e-01 1.995302404985991596e-01 6.614082254381197824e-03 7.459023255388678997e-02 -1.204606193903581986e-02 -4.508551837108010912e-02 1.138507277916311483e-01 3.077089494154075511e-02 5.238746211532491204e-02 -1.180739181672134375e-01 -4.322757181011318423e-02 -6.642028834699317819e-02 2.062369750681683142e-02 -2.824177451819646564e-02 9.834302714272399881e-02 -8.636625887815567448e-02 1.121082848489608243e-02 -2.296430512789126178e-03
-1.600767070450467844e-01 -3.046481084446419074e-01 -1.550034193703372642e-01 2.228521941078142887e-01 5.693616583225575428e-02 1.386746020946397484e-01 5.878008517192441322e-03 4.710017991363431994e-02 4.204546679186874081e-02 -1.753298612836857659e-02 7.866385213329797621e-02 1.059127712189833481e-01 7.285964740196489153e-02 7.592707988102527505e-02 -7.405651628488647831e-02 -1.119631233873410736e-01 -2.152400475903352983e-02 -7.183736234871550275e-02 5.486620694835399326e-02 3.071627914410400909e-02
-2.006896407535705140e-01 -4.001615445316109576e-01 2.142065935140031671e-02 1.422277258655503251e-01 -3.216736461858107909e-02 8.649015525914933999e-02 7.837855437296578631e-02 -1.210247610085288389e-01 6.201540723192664611e-02 -1.869290720413132809e-02 5.863717136281105385e-02 1.708263723817238580e-02 -2.329014096073384055e-02 -5.744474074950180892e-03 -1.186685898255297050e-02 -1.812082601101795351e-02 9.942987731314214400e-03 2.187426860903609466e-02 -5.564436945530402967e-02 -1.559165380468623130e-02
-1.152279872269772326e-01 2.837702671244521357e-01 -4.534944344942145461e-02 -1.504155063587201968e-01 -1.396670340224034357e-01 -2.166162692769535436e-02 4.755612200930597194e-02 1.104512882653559541e-01 2.290851012186371008e-02 -1.438399013023319156e-02 -2.889197876309097454e-02 -4.784464089153470795e-02 -7.263237356450540083e-02 -2.139457561374025554e-02 -3.148491848807919574e-02 7.348891056170459013e-02 1.500458117558561713e-03 -9.700714069135175921e-02 -9.542146226161956832e-03 4.900702234696172055e-03
-1.662797737559651434e-02 6.415914295362808162e-02 -1.165927240032867129e-01 -4.788290340612507551e-02 1.652448141374023571e-01 -1.861650332294515209e-01 -7.860450986380991545e-02 5.249145744424739933e-03 5.188344671125959956e-02 8.768666774051656065e-02 -2.102303360841370136e-02 7.068235011297402393e-02 -2.019958045812145914e-02 -1.048503513446853372e-02 -1.178001338242734286e-01 4.307402934613911716e-02 -6.096936217181254600e-03 -3.382068134018913902e-02 2.037651521368477950e-02 -8.168225000318413143e-03
-2.393531781416621262e-01 -3.342947560113739836e-01 4.691102647029337519e-02 2.433053259771332175e-02 4.456889358752954416e-02 1.194533018008297615e-01 2.527234594963992300e-03 -4.649352915761797989e-02 5.254309685871975943e-02 -1.172524010655084520e-01 -5.706750431175868464e-03 4.345607629225192725e-02 -4.048086401108684507e-02 1.012000646364516997e-02 1.412678303474798058e-01 6.241762628198087304e-02 3.292310888044831796e-02 -5.286947458234049491e-02 -5.881805973343128685e-02 -6.894344826103117503e-03
-1.134386636831632850e-01 -5.000000000000000000e-01 -1.824672572598989295e-01 -9.137438393053692876e-02 1.939043761931343382e-02 6.847628795031703020e-02 -1.738673275919498662e-01 -6.068510341459411317e-02 -1.809725059077357118e-02 1.883211816495142799e-01 2.502299487864324823e-02 -1.025560741405307646e-01 1.645028243554723033e-02 -5.441590860312640193e-03 -1.732464085302594728e-02 -4.040667243528425073e-02 -4.161480654210631368e-03 3.657475258750766262e-02 -2.361041222037197837e-02 2.422918934378157779e-02
-1.477214603914869528e-01 1.033025942780433359e-01 2.903638146172246026e-01 -1.998806531706776024e-02 -1.754232094227788918e-01 7.419059604321441570e-02 -8.342644668840161482e-02 -1.043864181014342307e-01 4.074181671752515749e-02 5.345302721724558281e-02 5.866149999104788154e-02 -1.202307835239672463e-03 -4.258950982674859082e-03 1.508299333840109127e-02 -1.043956705723389777e-01 -3.826184622669626112e-02 3.194008455343596425e-02 -2.088798276879564252e-04 -4.794949852093870896e-02 -4.512660140931534780e-02
3.578532141834489533e-01 -8.712385542649417336e-02 2.088316791905472369e-01 -1.668943212083827399e-02 -1.116377005405904815e-01 -3.723791924419000282e-02 -8.147518014028644340e-02 4.837820140911057616e-04 -6.571320516599514494e-02 1.107305233511351149e-02 -2.908001409844526708e-02 8.312801809092229544e-02 -4.779620815901880482e-02 5.150247011359986721e-02 2.302305400732929455e-02 -3.605837003361935661e-02 -2.698416483383860379e-02 -3.230314562035094261e-02 -1.848891217989417218e-02 2.574527796080619199e-02
2.760798012327785739e-02 -4.582416720777555963e-02 -2.752121475846772691e-01 4.370576531632036632e-02 1.185986871393889946e-01 -1.272494431233433809e-01 -1.103357020263489030e-01 -6.573424295740233625e-02 5.895096813531017915e-02 1.013605810659937850e-02 3.734169002706191204e-02 3.603041304634502923e-02 -6.453906196753375624e-02 -2.709467229525158120e-03 1.221148298419903050e-02 -5.597940477936776127e-02 -4.243090418600393640e-03 2.460296631125913347e-02 -2.093563236398125055e-02 5.624096326505212406e-02
5.000000000000000000e-01 1.861436822384929246e-01 -4.970261846980831948e-03 1.212607490345841976e-01 9.031541137922757811e-02 7.373984085031816404e-02 7.499581349116822560e-02 7.575153524959997442e-02 8.963452920030680338e-02 5.132548566424371267e-02 1.619575191610672302e-02 1.766592584888023593e-02 1.529637924721476486e-02 -2.678435012362288467e-02 -7.801110553316463816e-03 2.491088917456933324e-02 2.483143183562509099e-02 1.618984881140221946e-02 6.203038160733640588e-02 1.425282581542707157e-02
3.959864247572688067e-01 3.794571189059344624e-02 1.889089570048951561e-01 4.010336287171696601e-02 -1.373307369507026920e-01 -5.545452683407936512e-02 -7.386463874979647126e-02 -2.946167538686507784e-02 -2.823159981914158054e-02 5.682733615984649628e-02 1.481238991050430782e-02 7.583015827457930541e-03 3.436773380095692332e-02 1.978060491651114153e-02 6.821565495972142790e-02 -4.268851676450663435e-02 -2.029203859244229496e-02 -2.500476730444137208e-02 1.678683107503290556e-02 -2.325760154438769392e-02
-2.477215520894041900e-01 -3.928145375119718175e-01 1.814977962530820721e-01 7.990996696840468871e-02 -4.980803969977873856e-03 -2.131971561058891573e-02 1.774718283198478963e-01 -1.215029624047065868e-02 5.139741208033842684e-02 2.592307330739297786e-03 1.087898220061603999e-01 -5.430345982229168450e-02 -1.123827370720393848e-01 6.771223991806934149e-03 -4.657030473776527235e-02 -4.533626935075402153e-02 7.575899678095496942e-03 4.608913152699810334e-02 9.443440281783808954e-03 -3.208217157248482304e-02
4.489910270801226733e-01 -2.608008761850498791e-01 2.143947579252417635e-01 1.338584926502419357e-02 -6.091915492219892453e-02 1.053258958659187595e-02 -8.630534690287526567e-02 1.203404028248745011e-01 7.795049129900681606e-02 -5.337098208354840168e-02 2.158540886950408369e-02 3.201718449174747322e-02 -1.881661000264799738e-02 -4.869559483825403046e-02 -1.122431405147686703e-02 2.599886317009706717e-03 3.021105340999084843e-02 4.955784483115224792e-02 2.217017498837656198e-02 9.845677174690450201e-03
3.694145309880081385e-01 -8.257012143228355250e-02 1.944731778528253352e-01 2.551295411726999668e-02 -9.716909848055631238e-02 1.409773120249456849e-02 -9.720484530837285309e-02 2.892508690939703947e-02 2.345792278590077065e-02 2.221750282757439798e-02 9.846281111748112630e-03 3.442799589009414019e-02 -3.434069093243713455e-02 -5.653620050286444973e-03 5.405859331936336415e-02 -9.884485715809299133e-03 1.731658989659699485e-02 4.803491997368550172e-04 8.160006840125214045e-02 2.303970744199890924e-02
-2.771143222841731535e-01 -3.356408541419311220e-01 1.731395357404134638e-01 9.196659946070652458e-02 -1.051373939726784057e-01 -7.651017987357053296e-02 1.035247804366456748e-01 -3.853150334458914621e-03 3.166608831193858803e-02 1.146451905717368533e-02 -2.874328383733580281e-02 3.696972333148967199e-02 -4.973900261763054137e-02 -7.629775388744342024e-02 -6.270078991480271258e-02 6.257751472110850699e-02 1.243980310432597942e-02 -2.207860080256847379e-02 -3.143614198197889828e-03 8.818510881136511215e-02
4.996244479273309058e-01 1.757836848578498701e-01 8.503481511105833238e-03 1.104363571317494297e-01 7.044104812988634390e-02 5.073545155084235175e-02 8.040290383331175073e-02 1.533807514489632373e-02 2.115911526135511034e-02 4.231215950704581702e-02 8.082555180796043015e-03 8.624427984691152016e-03 3.628969738354539520e-03 4.245450739210380325e-02 -9.875036264350073312e-03 -2.972802885419158648e-03 -6.193943457893366644e-02 -7.985602451404295865e-02 -2.365963112834421761e-02 5.448608569307487187e-03
4.341475544731949743e-01 5.665051977861991495e-02 6.187015818472857420e-02 9.103827788319654446e-02 8.915244132389201284e-03 4.511182745708119252e-02 1.894091672687168645e-02 2.968209241751387784e-02 7.158472032677441754e-02 4.131577097451580999e-02 -1.401755817172601649e-02 -3.712604604350695781e-02 -3.316453527877133434e-02 3.037654571074367791e-03 3.078083114561432423e-02 8.267478164434088894e-02 1.468964911791751336e-02 -5.892814516316268077e-03 4.656372019371191745e-02 -4.818257386025431854e-02
3.763042519495024552e-01 1.357032779339495954e-01 3.151871727016537089e-02 2.641825970067713386e-02 5.303228760821247778e-02 6.256787833294926750e-03 4.218190038670523861e-02 5.123292039162169464e-02 1.622610181493235049e-02 2.597096903810626814e-02 -4.705387731593784623e-02 5.559083225604724392e-03 -3.083486470287026895e-02 -3.596963689202866549e-02 -4.321215756445328376e-02 1.073382919009902188e-02 2.633645199325636288e-02 4.347933158973611711e-02 -4.928757638655384410e-02 2.307474537159205641e-02
3.738727192713485192e-01 1.291024058739952407e-01 3.650919165705786978e-02 2.471088924683833080e-02 4.284379550223304384e-02 -9.467215425192670639e-05 3.405936916635528972e-02 4.282813831118725822e-02 1.008091308167230297e-02 2.742903199061674790e-02 -5.138228945631589939e-02 7.170656202652506400e-04 -2.976778426112771520e-02 -2.949319527331644916e-02 -3.199434286374556319e-02 5.429029128494141689e-03 2.328021897647707464e-02 3.667162026482191639e-02 -5.828086692088448734e-02 1.354089187060255120e-02
4.045915106252786497e-01 -1.020435496768706124e-01 1.354607325878382507e-01 3.377431037202928421e-02 -1.375243595510335266e-02 4.237881820155896956e-02 -1.088977319886902557e-02 5.450941335630116180e-02 3.512364570486614657e-02 -2.764308081847744250e-02 -1.120189934932033921e-01 -5.854525557346484249e-02 -6.640344774887488311e-02 -1.176953645484936882e-02 -6.067295257847628992e-03 -3.079142839758465880e-02 1.631803268191364675e-02 -2.156455143985428619e-02 7.979122486798551073e-03 -4.101584526704886435e-03
4.764814697762832507e-01 1.738039031100583609e-01 -2.995779398380592033e-03 1.154563466601238320e-01 7.306799141262348973e-02 6.715844438409680761e-02 6.484893456949736290e-02 6.808038384512922481e-02 8.137532156738963574e-02 5.419256799678762171e-02 1.811557527507016985e-02 1.722464079356866851e-02 1.873051423751179514e-02 -1.949479721001295962e-02 -1.111127177440477624e-03 1.372771727015371923e-02 1.573840281014325659e-02 3.852195065959062529e-03 4.834392576611590969e-02 5.889083968193117510e-03
3.836210906894960138e-01 1.759798954489776579e-01 -3.365659825996911159e-02 1.427669639279127434e-01 6.216903924451139263e-02 1.596174323758152436e-01 -3.960933547317575798e-02 1.695458721112773348e-02 6.553766825182004430e-02 -1.695324376610558501e-02 9.200928492934599967e-03 -1.039062733755136180e-03 7.714918358190667180e-02 4.893074100297918616e-02 4.367292113607378762e-02 -3.586397266280076071e-04 -6.799735908006858398e-02 5.109294992835532873e-03 -1.391273885005439408e-02 4.269945589698102839e-02
4.500992109005821362e-01 2.915406030067130283e-02 1.235416881686369900e-01 3.946257206132932488e-02 -3.387634954950301258e-02 -8.945025068862052023e-03 3.943216677729494525e-04 -8.111063029066153951e-03 -1.488238706909538259e-02 2.522470081084491819e-02 -8.748087790031147670e-02 -3.669711367539795627e-02 -5.021537349468276068e-02 3.394643376547890057e-02 -1.619165360704986206e-02 -1.458650932064944547e-02 -5.287559905557821273e-03 -2.137791987766161916e-02 -6.683416653489482329e-02 -2.878605507030885732e-02
4.793927140926623198e-01 9.924574445968586955e-03 9.533856158732330333e-02 -1.121108547690864883e-02 -6.018325904558800149e-02 -3.546937569822782715e-02 5.178714801466283851e-02 -1.738864646020994165e-01 -1.240014923605871761e-01 -1.977830046697235528e-02 3.340081260693866100e-02 -3.954571624389072171e-02 2.783937811842979778e-03 1.068647430410522986e-01 -2.476715864671221595e-02 3.142757473977432492e-02 -7.829595976725471640e-02 -5.754386524946125681e-02 -4.075668147086034671e-02 -2.269790216240768696e-02
-3.364118255663873236e-01 -7.871323290712683995e-02 2.479110018456301134e-01 1.105551291247128531e-01 -1.824183849223509346e-01 -9.984269413360185100e-03 -5.365126165047186951e-02 -5.998670076140168866e-02 6.784108163185314719e-03 1.245120685260816124e-01 -8.338751174669459254e-02 5.461619369967336303e-03 4.079107954003279024e-02 1.165087328514015780e-01 4.461428555364681248e-02 7.770626403846940533e-02 9.378740834626437400e-03 5.640487667442874642e-04 2.984922388895934475e-02 1.765145147486152930e-03
-4.192767546674063261e-01 -2.667621463033422180e-01 2.787062266538520294e-01 7.139405488141725709e-02 -1.455069253051443079e-01 -7.926500960731401590e-02 2.728562891384424260e-02 1.002597585086037468e-02 -2.968676286489205576e-03 -2.446223621129902867e-02 -1.790182348962651021e-02 -6.502666462713115048e-02 8.466279985515062778e-02 -2.695915469096829553e-02 3.662699475832207480e-02 -3.501152529989277895e-02 -9.136485566142252615e-03 -1.617219637309726815e-02 2.915611950644734357e-02 -1.188151259772864295e-02
6.933217977432046264e-02 -9.167114280235441268e-03 -1.943149384782070221e-01 -3.466166230134314075e-02 1.938650540332557404e-01 -2.538967901536125504e-01 -5.788920727223533652e-02 -3.277530799269807310e-02 6.151581561012162136e-02 6.360359041064433949e-02 3.632759646261825986e-02 5.091430198660999717e-02 -1.372560435162085285e-02 -6.125145166136411468e-02 -4.131432229269494522e-02 -3.790440481244955473e-02 1.655480551615927387e-02 2.137986313200964490e-04 2.182303293352451726e-02 -5.440831310413112715e-02
4.507197401482304078e-01 -2.559887406918708863e-01 2.167481954300404801e-01 8.135607278105401116e-03 -6.457962853187114438e-02 9.044766499913251727e-04 -6.800718589949547588e-02 7.926735009562928258e-02 2.695188367124104131e-02 -6.146574672025369168e-02 2.039595805647663115e-02 3.711717121266604191e-02 -2.580767543608084719e-02 -1.055738937152869879e-02 -2.192486561493491720e-02 -1.941143860816742575e-02 -2.000417924259350472e-02 -4.164541187153101946e-03 -2.878727078348418747e-02 2.648450889419930523e-02
-4.262507468309447156e-01 -2.619549772439366264e-01 2.870896152874399809e-01 7.397047821302178694e-02 -1.515082473961309462e-01 -7.610863815835967883e-02 2.769192704210848843e-02 7.767451631965537062e-03 -6.158434786357650610e-04 -1.769973734642248803e-02 -2.046316225181052384e-02 -6.784995448727479395e-02 8.556241295172069272e-02 -1.555633822997698305e-02 4.066670880253701881e-02 -3.458113102470258132e-02 -1.365779242124034835e-02 -1.758322939823121073e-02 3.275398652824850626e-02 -1.862161515917745702e-02
3.482312824260278550e-01 -3.376293545418355690e-01 1.076081542849285366e-01 -2.426634673075958940e-02 -2.803628163468251111e-02 -4.892848733199040012e-02 -1.763056779234570964e-02 6.324690363401534732e-02 1.196132876502545295e-01 -2.094878038228981110e-02 6.598479867451578773e-02 6.382969791601599864e-03 1.090494414554546293e-01 9.788567131520742315e-02 -5.930518388065834229e-02 8.474271515950887457e-02 -1.176293269493844558e-02 4.112367159680076906e-02 -4.342055155422035878e-02 -2.806942962638497158e-02
