-2.130646771525110950e-01 -2.460975309399538735e-01 -2.871982371319727334e-01 -7.286864834146981884e-02 -2.348146564161988081e-01 -1.601636009103098168e-01 -1.395575806808132813e-01 -2.547987896121199636e-02 7.445125977535167749e-02 -7.145687698234648444e-02 -1.484919374932524572e-01 -1.688884622098599242e-01 -1.622682492329432236e-01 -1.748805617943688107e-01 -1.929499766638051172e-01 -1.430454517040897766e-01 -1.335526967307652524e-01 -1.974213117842470999e-01 -4.888331198234835417e-02 4.840827173861777383e-02
-7.518240612184423632e-02 -2.065066212967366366e-01 1.037578349190052263e-01 4.407762726775735912e-02 -2.235744382729012991e-01 -1.510343950355375608e-01 -8.082271461433455928e-02 -1.420931663888710950e-01 -1.165649007936850612e-01 -2.373027761233686417e-01 -1.124294150866980702e-01 -1.690353535129281715e-01 -9.531092168951627031e-02 -1.461096394130930454e-01 -1.481957048741294192e-01 -2.402407951960472965e-01 -1.800391260863327403e-01 -1.451865611346503937e-01 -1.409300643960361421e-01 -1.553406635219570509e-01
-2.288148642132283028e-01 -1.953980616613120447e-01 -2.452239514279143662e-01 -7.496752302700225579e-02 -1.443822030965797865e-01 -1.333319383003758740e-01 -1.437964908413266463e-01 -4.196326396164649225e-02 -6.872624950928232779e-02 -1.257538672815039227e-01 -1.786593450006786210e-01 -1.353201380341127746e-01 -6.850264146834199319e-02 -1.566194232103204909e-01 -1.860624793370903030e-01 -1.065457878181182011e-01 -1.968783599740635271e-01 -2.384681765838570222e-01 -2.268693511809742255e-02 2.762410290400594826e-01
-1.408885413952568610e-01 -2.668465815356151349e-01 -1.561362326679173740e-01 -2.580658199422233290e-01 -1.453190385504644910e-01 -2.929445905710711395e-01 -1.509090406678453289e-01 -1.796635703364556913e-01 -1.656748412019164451e-01 -2.062272081759073117e-01 -7.321432283381207329e-02 -3.237709992681195303e-02 -1.682178560539149548e-01 -2.333652681101830717e-01 3.939465252920009153e-01 -1.785366318656343709e-01 -2.365663653324949767e-01 -2.064985490637119281e-01 5.997507296277512084e-02 -1.411744340596152447e-01
-2.366955473981354474e-01 -2.710160551920205996e-01 -3.944915989724712135e-01 4.180481809410651478e-02 -3.916556257151492804e-01 -7.507831239437143256e-02 -1.625040803298734016e-01 -2.666444010060120551e-01 -2.862463145459588909e-01 -1.897401320946277559e-01 -1.455237056710805832e-01 -1.517718353043693569e-01 -1.678781886631868780e-01 -1.466625124361988775e-01 -1.387641665339647279e-01 -1.610058018588173823e-01 -1.461690789211726738e-01 -1.302542657199152187e-01 -1.884358288811907034e-01 -2.564415480665735436e-01
-4.688065193206460840e-02 -1.959569103828997516e-01 -1.467856606665483010e-01 -2.875546466111889021e-01 -1.668116052589877774e-01 1.185328006881724433e-01 -1.786626780838961315e-01 -1.360910076752664677e-01 -1.332148686468988541e-01 -1.602439262994202196e-01 -1.269609526021601154e-01 -1.479289474839053098e-01 -1.375626442544714834e-01 -1.902371686577131182e-01 -1.447689492211189366e-01 -2.022894212791183366e-01 -1.544432971181470826e-01 -1.441613587331559421e-01 -1.718585613109081534e-01 -1.407031919526060271e-01
-4.640444315204451942e-02 -1.986082120468063428e-01 -1.462257592355292457e-01 -2.942222861823373115e-01 -1.677197816009629860e-01 1.370235207828125468e-01 -1.853141155412392216e-01 -1.335921393090543918e-01 -1.295134950357237080e-01 -1.635799238650149090e-01 -1.190477358456483864e-01 -1.486154479599247069e-01 -1.293994648920249180e-01 -2.265712474873238791e-01 -1.394774302488124285e-01 -2.542124541967831219e-01 -1.739146091408474981e-01 -1.223939460397954621e-01 -2.613955306731381434e-01 -9.666325350732044019e-02
-1.318201736771883459e-01 -2.664921891390842346e-01 -1.498834845192561771e-01 -2.631800942946194155e-01 -1.453173372201232438e-01 -2.754251913093485049e-01 -1.518393564609669122e-01 -2.025585975087747792e-01 -1.884860466005295609e-01 -2.192947755836710255e-01 -2.358622798900192885e-01 -2.181902264133130931e-01 -1.265871699891601976e-01 -2.104385013963597784e-01 -1.763534619871795495e-02 -8.019842125422547985e-02 -4.846960525758802762e-01 -1.546990882064664119e-01 -4.964380442668054998e-03 -1.845354250178515843e-01
-1.929159102496116607e-01 -2.546719262676259143e-01 -2.499633943527249103e-01 -1.298063692850575102e-01 -2.002340009451405167e-01 -2.100533881019677473e-01 -1.312889456094135654e-01 4.474391918051917605e-02 2.206597066561408194e-01 -2.632677237805829823e-02 -1.363280062058699893e-01 -1.816056111222747182e-01 -2.001785793898313293e-01 -1.773818742988966801e-01 -1.819505933942610620e-01 -1.626293652388180466e-01 -1.173579676841731562e-01 -1.445454242983192084e-01 -1.484671034397870570e-01 -2.286893591369862921e-01
-4.524294833119456294e-02 -1.983002853486221517e-01 -1.463892570068528465e-01 -2.963578156113627071e-01 -1.681860841418097441e-01 1.464753136549825363e-01 -1.865139847002527940e-01 -1.318460257775096733e-01 -1.275301676826436637e-01 -1.639384646903209730e-01 -1.132687366764752179e-01 -1.463889232839126753e-01 -1.262359425839194027e-01 -2.363325178904780444e-01 -1.359598327620204217e-01 -2.846781453616486490e-01 -1.740819522419363996e-01 -1.110695649314789590e-01 -3.085890540890710021e-01 -6.840690551563524680e-02
-4.982553687902407935e-02 -1.888238395241189083e-01 -1.295124780041870816e-01 -2.489468271942380517e-01 -1.667249413457389251e-01 7.212166931788591140e-02 -2.107652874568838319e-01 -1.398939199165112335e-01 -1.414118293853174890e-01 -1.355117480182403134e-01 -1.522721272169241524e-01 -1.286327756647170362e-01 -1.922155145855470593e-01 -1.883885340063270186e-01 -1.322452485491856788e-01 3.297612704892679408e-02 -1.485951164588209805e-01 -1.703056904022082485e-01 -1.708627895623441029e-01 -1.698327707088027327e-01
-4.688065193206458064e-02 -1.959569103828996961e-01 -1.467856606665483843e-01 -2.875546466111889576e-01 -1.668116052589878051e-01 1.185328006881724433e-01 -1.786626780838962703e-01 -1.360910076752663844e-01 -1.332148686468988263e-01 -1.602439262994202196e-01 -1.269609526021599766e-01 -1.479289474839051710e-01 -1.375626442544714279e-01 -1.902371686577130905e-01 -1.447689492211188811e-01 -2.022894212791183088e-01 -1.544432971181477487e-01 -1.441613587331560531e-01 -1.718585613109080423e-01 -1.407031919526059993e-01
-5.443804795614203690e-02 -2.007058867753004627e-01 -1.451203603401412245e-01 -2.798562791984877673e-01 -1.646370442894466990e-01 7.500380210636373168e-02 -1.780785925169089956e-01 -1.440102862807436379e-01 -1.412012268330180564e-01 -1.615223960640908285e-01 -1.495150938281261666e-01 -1.597131119786052988e-01 -1.451178310892169421e-01 -1.817473155623859915e-01 -1.546261905862102437e-01 -1.303833634971678368e-01 -1.733318334356017953e-01 -1.584102825379257451e-01 -1.238955692349206633e-01 -1.771185833855466740e-01
-2.265927388027840772e-01 -1.676698811720666593e-01 -1.912495800358186560e-01 -7.269600300943912519e-02 2.485147480212062526e-02 -1.148493518862318263e-01 -1.556008227256201748e-01 -1.441222762776171729e-01 -1.672852014711257995e-01 -6.318982257877192588e-02 -1.043080782629147163e-01 -1.928468610668568339e-01 1.531525483978129210e-01 -1.448459322980811537e-01 -1.141632080199983384e-01 -3.458333051646705902e-02 -1.328762608755845176e-01 -1.501314189326045379e-01 -1.203107200770576479e-01 4.546610392598440797e-02
-2.240547312238549693e-01 -1.600104822171654062e-01 -1.746360473727654739e-01 -8.095296080413551254e-02 3.307963711196594547e-02 -1.189364684579957560e-01 -1.661319328970075337e-01 -1.575143909928758135e-01 -2.058289078453230114e-01 6.570282245893964250e-03 -6.714841240417060431e-02 -2.212801802127980499e-01 2.948305959921534436e-01 -1.393898039450105486e-01 -8.014716331796065130e-02 6.302010185085180072e-03 -9.063326130773863287e-02 -7.083927373787682336e-02 -2.601091721135455614e-01 -3.454930925311319734e-01
-7.404155932258744965e-02 -2.047445071964953400e-01 1.005606428892528575e-01 4.196051493008051692e-02 -2.228596885812306194e-01 -1.492471736193944076e-01 -8.684413961439597929e-02 -1.417934532272160653e-01 -1.165655010323630586e-01 -2.346505012374062449e-01 -1.133257578029107787e-01 -1.641256168689957107e-01 -1.032357457044816990e-01 -1.425272989636917897e-01 -1.421475308884053712e-01 -1.916458034595031334e-01 -1.816913014263993320e-01 -1.513067223255551708e-01 -1.496680778591769623e-01 -1.589400241388141677e-01
-1.592003177417979365e-01 -2.650548213968822453e-01 -1.898846942280697503e-01 -2.093279321051214892e-01 -1.670882569838787468e-01 -2.668908852240531315e-01 -1.420170757121576310e-01 -8.349375520486582158e-02 1.228906963961663885e-02 -1.245759952786824054e-01 -1.228785330486094340e-01 -1.174344096867771386e-01 -1.912763292857060926e-01 -2.770325448350072772e-01 1.744351852528844560e-01 -2.131747956134000810e-01 3.621929104298381996e-01 -2.366027260080167671e-01 -1.874871920448372420e-01 -1.898104152144299839e-01
-1.321976736249194651e-01 -2.623261438428824421e-01 -1.473436579840794736e-01 -2.562277110638032651e-01 -1.444639933358057571e-01 -2.688956232636894872e-01 -1.513700847905906921e-01 -1.979490348156082991e-01 -1.905097650821733213e-01 -2.004477290517605870e-01 -2.232423838688786244e-01 -2.072046175349885055e-01 -1.335351679101605404e-01 -1.337361949583385501e-01 -1.974146983694669566e-01 -1.334537127927346578e-01 -1.440631844617778767e-01 -1.310022084195266168e-01 -2.724395162550249938e-01 -1.188089630407071495e-01
-4.451694601603911616e-02 -1.734695211236398082e-01 -1.706514337533885928e-01 -2.637981899364807425e-01 -1.592127374715193167e-01 9.438815309004467552e-03 -8.728719996635690703e-02 -1.498195619171936999e-01 -1.527513115608465089e-01 -1.558001310100105563e-01 -1.500619002214657882e-01 -1.550871895861149763e-01 -1.383901243021496974e-01 4.905876507055296348e-02 -1.847876318219753566e-01 -1.721757979553997231e-01 -4.921702930786504143e-02 -2.090747859832075284e-01 1.708709910260484965e-01 -2.673325271664144243e-01
-2.301938330483939421e-01 -1.717232226932201289e-01 -2.021059545335988916e-01 -5.705496085469041745e-02 7.280064851983916729e-02 -1.000204055401992392e-01 -1.376225504496664809e-01 -1.682812730956117220e-01 -1.301022221090936959e-01 -2.048735097962096630e-01 -1.590811948061672532e-01 -1.488732392872433308e-01 -1.490753167541375435e-01 -1.523186110476326682e-01 -1.579585423689725820e-01 -1.467238416338954299e-01 -1.734657972148906380e-01 -2.046933422145980896e-01 -4.207463526084084804e-02 1.616590982872218307e-01
-1.221437072080384934e-01 -2.206677260612245894e-01 -4.445217111728400061e-02 -1.122101180796716141e-01 -1.508777198865336733e-01 -2.048275864351397357e-01 -1.555187893364553819e-01 -1.826711953044710124e-01 -2.150238074601773242e-01 -5.759646596855802492e-02 -2.714618870516093407e-01 -2.210834925344122570e-01 -1.774292872267592414e-01 -2.834904349554359659e-01 -2.982999386163043276e-01 -3.754622843100273721e-01 1.050378762584324999e-01 -1.585832269583114518e-01 -9.933957888577581163e-02 -1.336322190385753339e-01
-1.579531227056955589e-01 -1.913371480230410537e-01 -9.911533771705606510e-02 -1.299866188023604818e-01 -9.494444403752062833e-02 -1.845105864213770208e-01 -2.078850327118003938e-01 -1.777318286653986057e-01 -2.714201219781585683e-01 1.431807931406058887e-01 -2.535753153236735002e-01 -1.265498775656467845e-01 -2.438185320522180122e-01 -1.597845964813509045e-01 -1.721850691697250912e-01 -4.415958202636697250e-01 -1.646401638207598550e-01 -1.267215552317041971e-01 -1.391596496232839208e-01 -1.605032716140077642e-01
-7.404155932258744965e-02 -2.047445071964953955e-01 1.005606428892530241e-01 4.196051493008051692e-02 -2.228596885812306472e-01 -1.492471736193945187e-01 -8.684413961439604868e-02 -1.417934532272159820e-01 -1.165655010323629059e-01 -2.346505012374060783e-01 -1.133257578029106399e-01 -1.641256168689955719e-01 -1.032357457044818239e-01 -1.425272989636917897e-01 -1.421475308884053712e-01 -1.916458034595030224e-01 -1.816913014264000814e-01 -1.513067223255552540e-01 -1.496680778591768235e-01 -1.589400241388141399e-01
-1.240078755534398253e-01 -2.589859926675015522e-01 -1.453813905157003983e-01 -2.601020895271242694e-01 -1.465295316147040006e-01 -2.388229150426697811e-01 -1.554874882328051988e-01 -2.003791800344454643e-01 -1.902203271921250605e-01 -2.036508443007473690e-01 -2.696823417298067072e-01 -2.603673712496860082e-01 -1.235058580169556275e-01 -2.117919641754417714e-01 -2.117969032170767540e-01 -9.751587656987914521e-02 -3.075152728243717992e-01 -1.382587170659977382e-01 -1.655275467047180871e-01 -1.689753916579989079e-01
-1.969805553459412772e-01 -2.460572320561190407e-01 -2.459985123892372005e-01 -1.270750997846351871e-01 -1.855293398563470642e-01 -2.036760883307532910e-01 -1.299686902378441034e-01 6.336624808066822212e-02 2.328385336905508807e-01 -2.021012723638676220e-02 -1.435725924505391882e-01 -1.859654886379682737e-01 -1.851404764073173725e-01 -1.501334023116838168e-01 -2.474117100972144101e-01 -1.454567804367067063e-01 -2.566861498550113696e-01 -1.196999864826144844e-01 -1.592356067250485507e-01 -2.234653974881959937e-01
-6.602648888047842057e-02 -1.858938021959939679e-01 5.245221356454006501e-02 5.874324058255810110e-03 -2.074725491608298278e-01 -1.342972111512804323e-01 -1.561473708633660529e-01 -1.428028830387989834e-01 -1.295180502537706946e-01 -1.792287903678702055e-01 -1.419201470155256883e-01 -1.214549728744396262e-01 -1.912461653635294800e-01 -1.262382175182182042e-01 -1.125394966856536061e-01 1.421918382690296745e-01 -1.555310392376089423e-01 -1.834541097237429308e-01 -1.953079620723560395e-01 -1.663020897283506438e-01
-1.417473696199461342e-01 -2.637493883956876228e-01 -1.539919969979650360e-01 -2.424024175444966234e-01 -1.497071777568157736e-01 -2.807041144926635257e-01 -1.495565844935754507e-01 -1.674099254770776146e-01 -1.455503668345733415e-01 -1.854582866963188637e-01 -1.382175119294908883e-01 -1.332915742488354760e-01 -1.580718085827313713e-01 -3.183591284096934371e-01 -1.439702111771945237e-01 -1.598582379420830923e-01 3.884472238226804874e-01 -1.875704407930849915e-01 -2.522698737985570872e-01 -1.142049277486947567e-01
-1.357558740347148407e-01 -2.592480260212838838e-01 -1.569836377569153452e-01 -2.518476018164435559e-01 -1.469099801946972816e-01 -2.613427298131996146e-01 -1.470660479287754230e-01 -1.727679679508590249e-01 -1.561652882043458590e-01 -1.864050290653801178e-01 -1.537483635328402432e-01 -1.399237896609887011e-01 -1.477805594462531791e-01 -1.198375523417417009e-02 -1.321849236521387971e-01 -1.514596493064888916e-01 -2.591119603231548663e-01 -1.110759374759054396e-01 -2.604128596260750772e-01 -1.498233009028607787e-01
-1.276292274757913903e-01 -2.670871703780012818e-01 -1.439252494288797146e-01 -2.642981776599296895e-01 -1.454182023845409233e-01 -2.699115218972575891e-01 -1.542144609788838328e-01 -2.181908307442745887e-01 -2.058823444940640901e-01 -2.286423599609470891e-01 -3.381700560848804882e-01 -3.393142246454197153e-01 -1.023300567327771332e-01 -3.433556421492251487e-01 -2.415359290695074934e-01 -1.482231924595729840e-02 -5.000000000000000000e-01 -1.769680866138038655e-01 1.140473491474141426e-01 -2.301076795131470065e-01
-1.370094770178802712e-01 -2.545879587893061236e-01 -1.446168026315899913e-01 -2.403396724691053699e-01 -1.380530748993603896e-01 -2.605971489525287788e-01 -1.599259441242248114e-01 -1.897962518881002036e-01 -1.906131142863996819e-01 -1.429024831915200466e-01 -2.187899231248952026e-01 -1.713362867364010000e-01 -1.610949850017845686e-01 -1.005502694964727356e-01 -4.058317081389473807e-02 -2.283192008966010988e-01 -2.570173183309774068e-01 -1.135289511994170691e-01 -3.296294597934952275e-01 -1.296035629702249892e-01
-2.258582996103296325e-01 -1.625178327121695465e-01 -1.808564457109642365e-01 -7.376112145012433952e-02 5.087021457914248784e-02 -1.128033481833558282e-01 -1.592492056497437636e-01 -1.637606353445760221e-01 -1.905327581387880886e-01 -4.113736676397779929e-02 -8.321425412761590534e-02 -2.102759864288094860e-01 2.248139852150566609e-01 -1.408862648501242043e-01 -8.714652811377789077e-02 -3.487566414482507881e-03 -9.198263395430837652e-02 -7.045848754693571914e-02 -2.648321611677928455e-01 -3.465579137564922529e-01
-2.367225106911575450e-01 -2.701434444395956480e-01 -3.930779198157940413e-01 4.086621328119999924e-02 -3.890947943865751268e-01 -7.539984101398251870e-02 -1.623536043158426978e-01 -2.645587054416604911e-01 -2.851052537221726024e-01 -1.894807284946143922e-01 -1.461909087529716933e-01 -1.512282059734684492e-01 -1.656327384450880236e-01 -1.466140060846249926e-01 -1.394902152364271009e-01 -1.594858346216427858e-01 -1.484941370406080707e-01 -1.341099718583841915e-01 -1.824974863553541216e-01 -2.332864209991171167e-01
-1.035493561022174241e-01 -2.368131629319923104e-01 -1.605345509848596919e-01 -2.670140377382037578e-01 -1.503190937982656350e-01 -1.786618223655863369e-01 -1.183964402674865801e-01 -1.801851580852258938e-01 -1.674701270262154706e-01 -2.001455192341116962e-01 -1.878447144068545738e-01 -1.731246429380904339e-01 -1.218784943304454804e-01 5.000000000000000000e-01 -2.479024195800624275e-01 -1.788952300279275098e-01 1.333738945129633868e-02 -2.035767698191055797e-01 -7.309595212241935813e-02 -1.231201022091024250e-01
-1.182994814748567491e-01 -2.519381175225008374e-01 -1.565439224698318976e-01 -2.657128420005086533e-01 -1.477499317475726714e-01 -2.274257627671295301e-01 -1.303667036141373525e-01 -1.892474079949604815e-01 -1.746458193149861005e-01 -2.087997029648867020e-01 -2.029395282724252569e-01 -1.843177698974982626e-01 -1.208334630324851555e-01 4.584053882651448197e-01 -2.509057346064201832e-01 -1.693177343508246724e-01 -1.261221608767532608e-02 -1.809707321116154621e-01 -2.084294382153371317e-01 -7.715973861509765885e-02
-1.835531119466505268e-01 -2.553871872505505403e-01 -2.330234930025463780e-01 -1.531920456850733581e-01 -1.859079846462385055e-01 -2.229701053887037654e-01 -1.304967294305449388e-01 4.205814711471806550e-02 2.184511807992672860e-01 -3.040557732385587228e-02 -1.390922552206229068e-01 -1.868307962031844349e-01 -2.000783089152946836e-01 -1.211677359766527573e-01 -2.360821146421961392e-01 -1.553197535353790792e-01 -2.719815955696423537e-01 -8.632519891236288545e-02 -2.253695638084500796e-01 -3.438413556168761764e-01
-2.138845193377676701e-01 -1.462904688903845507e-01 -1.419190437760591283e-01 -1.164545829204261251e-01 -4.217802536068942371e-02 -1.448501905379975252e-01 -1.810687146503609513e-01 -1.543762302067625269e-01 -2.349836535824454675e-01 3.869107160444550803e-02 -9.520306086458611705e-02 -1.781583810667944079e-01 -2.810915991802613589e-02 -1.506289853419161551e-01 -1.605320477015852731e-01 -2.423492672418750549e-01 -1.887847099667013806e-01 -1.980944218274308111e-01 -9.499654225965438459e-02 -1.976907369521890279e-01
-2.263175346983400671e-01 -1.221913743528933727e-01 -1.332047382966129179e-01 -1.707892672116693988e-01 -1.134701917073704242e-01 -1.747650816416682906e-01 -1.695415443186862048e-01 -6.899160643199137022e-02 -2.756499483042153531e-01 -7.212711202375701736e-02 8.067226441651884072e-02 -2.111793994084366077e-01 -1.551791238039522958e-01 -1.716279095014153211e-01 -2.381052717613899028e-01 -2.009225968109696614e-01 -2.225454613274959470e-01 -3.599083736017080759e-01 -9.456840835317661953e-02 -2.490177324689009930e-01
-8.065265170765240077e-02 -2.048816708518381990e-01 7.962303662993543141e-02 2.160823470387397000e-02 -2.110163084807006317e-01 -1.547446631590383426e-01 -1.031239070498999877e-01 -1.476333444761647185e-01 -1.359857498645851981e-01 -1.885893916693047179e-01 -1.445253000810014787e-01 -1.613371803003586513e-01 -1.366883067645357497e-01 -1.599498734281168399e-01 -1.649496168739054136e-01 -2.074096200042604143e-01 -1.268130022878470875e-01 -1.452979820930738186e-01 -1.453658621155340669e-01 -1.404875395430077167e-01
-1.470864398298643572e-01 -2.542804324035818908e-01 -1.516890731555691763e-01 -2.539130511047116290e-01 -1.409579315315409032e-01 -2.857463038217502582e-01 -1.525216606768389771e-01 -1.707209428000006635e-01 -2.058952144726713951e-01 -2.016804704353822586e-01 9.054867240162986497e-02 7.218609250653505727e-02 -1.731830608064792165e-01 -2.230455972877809223e-01 -2.064241583022834448e-01 -1.278575219094247595e-01 -8.598360564092971670e-02 -1.007230973642339183e-01 -1.546602737910307279e-01 -1.145509996566990985e-01
-1.693462157304654048e-01 -1.717072924174406490e-01 -1.022792995168630009e-01 -1.115597325110339044e-01 -7.662952811291300070e-02 -1.628398861727438085e-01 -2.240663319403111142e-01 -1.709332348354381248e-01 -2.873680442142126923e-01 2.120499113519325463e-01 -2.363712128292552173e-01 -9.798915851370711139e-02 -2.577488444407788903e-01 -1.402218190222322691e-01 -1.661186585324275489e-01 -4.002214252975508924e-01 -2.122950516358352580e-01 -1.360888473813482435e-01 -9.684297956955381648e-02 -1.739784911583888427e-01
-5.356666339728607257e-02 -1.449782058352926950e-01 -6.816130939921434539e-02 -8.778961204862366363e-02 -1.658422649618908340e-01 -1.082011632908390641e-01 -2.925752106474076575e-01 -1.493957403370330395e-01 -1.676755768091432175e-01 -5.099425820499953882e-02 -2.075187138376326235e-01 -6.654995625366393053e-02 -3.270539641684255261e-01 -1.242606182861107494e-01 -1.059998414046462029e-01 3.785808727127289441e-01 -9.639209375841652216e-02 -1.870177279052966934e-01 -1.973928553430742694e-01 -1.506122606882627224e-01
-1.354633205323327039e-01 -1.756118077342023187e-01 -7.170525295290550161e-02 -9.370806419713277602e-02 -1.073575038727724723e-01 -1.567074643884354412e-01 -2.481347599223451827e-01 -1.707289665311278459e-01 -2.805821651140404382e-01 2.248924604548396267e-01 -2.871432062876709823e-01 -4.334552468862540309e-02 -3.935599678694138293e-01 -1.240163103566006703e-01 -1.461592626130384098e-01 -1.518898441670991639e-01 -1.768087223530646901e-01 -1.131770117590742281e-01 -1.683647457381311774e-01 -1.173887485233920669e-01
-2.337823344690360683e-01 -1.714161842601582275e-01 -2.044673262591794605e-01 -4.006805667112035840e-02 1.527599774409939826e-01 -8.142702370345142326e-02 -1.235957893855620937e-01 -2.124019325914769385e-01 -1.189457499357541581e-01 -3.116804045879976170e-01 -1.794280234643114147e-01 -1.370793640184225504e-01 -2.837199875093651125e-01 -1.521460280777177099e-01 -1.474735284548523151e-01 -1.569502596487450941e-01 -1.259854484468790059e-01 -9.284814116077964863e-02 -2.706586531451576905e-01 -4.722330597198567959e-01
-7.518240612184423632e-02 -2.065066212967364978e-01 1.037578349190054761e-01 4.407762726775740075e-02 -2.235744382729012159e-01 -1.510343950355375331e-01 -8.082271461433458704e-02 -1.420931663888709562e-01 -1.165649007936850889e-01 -2.373027761233686417e-01 -1.124294150866980563e-01 -1.690353535129282825e-01 -9.531092168951653398e-02 -1.461096394130929899e-01 -1.481957048741293637e-01 -2.402407951960472410e-01 -1.800391260863332954e-01 -1.451865611346508933e-01 -1.409300643960355592e-01 -1.553406635219567733e-01
-1.426230302061436417e-01 -2.660978611562183627e-01 -1.611290276282718592e-01 -2.479065976693858031e-01 -1.483218461247388376e-01 -2.846603506186396459e-01 -1.498784303558640119e-01 -1.630379181810352740e-01 -1.289853823980549041e-01 -1.790209210495167791e-01 -1.189510423701087977e-01 -7.189444230622980825e-02 -1.753349223011321789e-01 -1.844022020628862113e-01 4.100760441594365480e-01 -2.267411733199025670e-01 -8.823390930557392653e-02 -2.154585738461468336e-01 -8.850937695984872899e-02 -1.473119154784628959e-01
-1.707855171800587435e-01 -2.180184244683459061e-01 -1.462790846430530867e-01 -2.352404646364382457e-01 -1.308378879417614327e-01 -2.642351286152267997e-01 -1.589036754136556318e-01 -1.367405322465610196e-01 -2.540915890265666999e-01 -1.697212272927133836e-01 2.806414878938436885e-01 1.522086523448333562e-01 -1.855964977106366598e-01 -2.399443142494279424e-01 -4.261220470407484640e-01 -1.265804860781510888e-01 -2.158132428327301511e-01 -1.509339078149261049e-01 -7.875355637759329230e-02 -1.798406320046625484e-01
3.746118119154794035e-02 1.372940619982314023e-02 -2.376343838956352095e-01 -8.185946695471341128e-02 -1.437623004551175365e-01 -2.450684636858635468e-01 -4.927073731205006135e-01 -1.486675235836547038e-01 -1.060245666979551943e-01 -2.378467131564800385e-01 -1.348427705742843707e-01 -1.706245451093602872e-01 -1.122285535953576469e-01 -1.322328298375807509e-01 -1.614015268779727674e-01 -2.120669611906474961e-01 -1.375420092219496460e-01 -1.654209022506738236e-01 -1.448159984902337369e-02 -2.143895786058085950e-01
-1.280613723250318414e-01 -2.649472577557590580e-01 -1.374347035658864680e-01 -2.542443665696916266e-01 -1.456205572449120189e-01 -2.695696666789102469e-01 -1.540751255209112658e-01 -2.172511395379746468e-01 -2.089251372473429069e-01 -2.144255847771359691e-01 -3.478234680714627491e-01 -3.502517576932853705e-01 -1.069949388543519203e-01 -3.770296274816214432e-01 -3.741301634562058664e-01 -6.758470075724279380e-02 -9.513892254886911759e-02 -1.896022261877478021e-01 -3.025604438329220630e-02 -1.739166884876652275e-01
-2.357270486431777001e-01 -2.604640358671688749e-01 -3.738447321619016717e-01 2.575424038843605185e-02 -3.566059438671461690e-01 -8.310362667887492838e-02 -1.596925947055110595e-01 -2.323069484547324592e-01 -2.535485549992962939e-01 -1.799852663437100375e-01 -1.514739453724747997e-01 -1.484790622339254573e-01 -1.489830923917880301e-01 -1.483945637138171514e-01 -1.484033855406078350e-01 -1.487326390271511423e-01 -1.598068094782230664e-01 -1.599958398765271295e-01 -1.401447509291391669e-01 -9.483152302721659099e-02
-9.089809945474308650e-02 -1.697795011227694884e-01 -3.538968577724397463e-02 -6.430508946007654214e-02 -1.514713154928899741e-01 -1.357505973768233509e-01 -2.533442624127938969e-01 -1.588089995335647264e-01 -2.189088242395562656e-01 8.068658697229247334e-02 -2.571516664121407114e-01 -3.806548943395164641e-02 -3.994915461825025993e-01 -1.176564249587842004e-01 -1.193536942521650213e-01 2.415829910896476751e-01 -1.105397282182284530e-01 -1.447288980106489764e-01 -2.260360483412569843e-01 -9.853038108351737379e-02
2.299851109057338486e-02 -1.165887450574921817e-02 -2.095999622270095231e-01 -8.178707376538536800e-02 -1.474721772189061253e-01 -2.232007109728342542e-01 -4.753942239028115524e-01 -1.486090067582879759e-01 -1.148504899590485628e-01 -2.074129926078653596e-01 -1.486568270557407923e-01 -1.494849345635318461e-01 -1.559065387179400519e-01 -1.263327817876726544e-01 -1.489795450941459320e-01 -6.249834006086645022e-02 -1.187408671722367248e-01 -1.793095244178539160e-01 -1.296343288979729183e-02 -2.234712313012311435e-01
4.119285509641769372e-02 1.921564367915279403e-02 -2.479886250892222865e-01 -8.786830717684331049e-02 -1.425039080919139611e-01 -2.453251311724786443e-01 -3.995028026656723963e-01 -1.496683971522436707e-01 -1.165814326928698852e-01 -2.219087492848789700e-01 -1.357585029216334671e-01 -1.711301923142130865e-01 -1.115257358555666878e-01 -1.502940911029632953e-01 -1.604587509662931399e-01 -2.437039330734544207e-01 -1.638012380919351696e-01 -1.411438194770561760e-01 -1.895029807245845188e-01 -1.283396106779053358e-01
-1.290558095667005412e-01 -2.593058317596021456e-01 -1.266779764801992947e-01 -2.336333066588273388e-01 -1.468234155605574465e-01 -2.635742423542980495e-01 -1.536735858509936936e-01 -2.066200101184808291e-01 -2.025901907921270062e-01 -1.867022764649224897e-01 -3.127760873993176149e-01 -3.053890221481008194e-01 -1.256015905558210133e-01 -3.720071644764739172e-01 -3.602746552462952612e-01 -1.488917738645785804e-01 1.551122484310772376e-01 -1.904970970561892796e-01 -1.203840904181650989e-01 -1.373253761658199124e-01
-2.341585291518729628e-01 -1.728388286011155461e-01 -2.075335141061906141e-01 -3.883495312005827427e-02 1.497897975566454543e-01 -8.091719897474136669e-02 -1.211707154642237688e-01 -2.092536411806224794e-01 -1.095214356374284853e-01 -3.307187100593262374e-01 -1.917968971765050823e-01 -1.260869043681636104e-01 -3.440843923309921393e-01 -1.546151303413049183e-01 -1.648119563921094655e-01 -1.896732314611154213e-01 -1.555495829410847297e-01 -1.515868297151004296e-01 -1.565995845941547393e-01 -1.842829911560930345e-01
4.030685944080941718e-02 1.810635677685053582e-02 -2.450374201733225288e-01 -8.544508482496725177e-02 -1.428456879947634095e-01 -2.462072578256947197e-01 -4.378586259216554200e-01 -1.492685453239392945e-01 -1.118979452102571021e-01 -2.298574063758497821e-01 -1.346373329183764567e-01 -1.721391941559407557e-01 -1.092974192518541415e-01 -1.434547217770505145e-01 -1.616393334721716590e-01 -2.413290006367696527e-01 -1.549035274744784696e-01 -1.495178070584933794e-01 -1.212538507913145241e-01 -1.610983527361501688e-01
-2.341979420168889547e-01 -2.678272683140687227e-01 -3.820402482020204826e-01 2.877409617356938704e-02 -3.728434654139379245e-01 -8.472916434348326531e-02 -1.596762988604286948e-01 -2.363800691416660660e-01 -2.416551634858088438e-01 -1.748598567453162334e-01 -1.462951007514020074e-01 -1.538630192218651827e-01 -1.658390901533801087e-01 -1.508532423522386812e-01 -1.476844952346436368e-01 -1.572242893834619182e-01 -1.450641828048337967e-01 -1.455854891148543606e-01 -1.558917872495716450e-01 -1.790905365925463399e-01
-1.543372487894908440e-01 -2.436477262231654395e-01 -1.505395824657614623e-01 -2.505273372597614512e-01 -1.371607241082703210e-01 -2.817660459266708717e-01 -1.544323669513372466e-01 -1.587626471227117642e-01 -2.296109051133023438e-01 -1.949421551789952967e-01 2.266820419038751144e-01 1.697484009814013151e-01 -1.840287345964742860e-01 -2.116848492972709106e-01 -3.835588596637703462e-01 -1.133051498894295100e-01 -2.021358573414857585e-01 -7.246910040610785031e-02 -1.321947051979169840e-01 -1.388805875042922189e-01
-2.625772030145011593e-01 -5.741895286244975277e-02 -1.236177157532926119e-01 -1.875057482759350247e-01 -1.803328528555684651e-01 -1.558782330431286445e-01 -1.562274468436887775e-01 5.172389871033659242e-02 -2.857611070286584232e-01 -1.857452794574393495e-01 -3.229688811738246068e-02 -3.460186124347839898e-01 -2.508790115077026428e-01 -1.407966516030278725e-01 -1.322834635034218498e-01 -1.400832959221725571e-01 -1.689703101971868071e-01 -4.394980141410168017e-01 -2.355433121431917687e-01 -1.820483276017001162e-01
-2.345144897346075064e-01 -1.728967779128930682e-01 -2.079459840843294327e-01 -3.714100444339889923e-02 1.573376308389797251e-01 -7.907425954286802228e-02 -1.195313736724137321e-01 -2.137107920457700094e-01 -1.076634266058615896e-01 -3.438074994982985855e-01 -1.951698032045426079e-01 -1.237145278756311556e-01 -3.658414047863805529e-01 -1.548133043229545369e-01 -1.649903772244501743e-01 -1.944809368974140529e-01 -1.510432132531158989e-01 -1.388934650211001709e-01 -1.850027404648863505e-01 -2.683305741336759476e-01
-2.842991239160392314e-01 3.543753540322952685e-04 -9.415970482614906267e-02 -2.160989244747302529e-01 -2.250367803563287916e-01 -1.451508549145529292e-01 -1.420316841904422367e-01 -3.871916572064773021e-01 -6.860811677391935592e-03 -1.362936956495066632e-01 -1.885353281232245160e-01 -5.922571219710884294e-02 -1.157898186278231434e-01 -1.605530643321190498e-01 -1.783398118870840043e-01 -1.499134203435829593e-01 -1.796498190248341231e-01 -4.471130041142576950e-01 -2.199192418516323633e-01 -1.361591010957642900e-01
-2.652673311527210531e-01 -4.754816909750641390e-02 -1.159642102822553977e-01 -1.939399645270406258e-01 -1.842013717656132143e-01 -1.555701762459987814e-01 -1.559840776477981195e-01 -2.238361807148970747e-02 -2.540427753914985542e-01 -1.661463773545718836e-01 1.088868361656511984e-02 -4.057826901038407152e-01 -2.772346979527664512e-01 -1.360602591413701268e-01 -1.170146742182793798e-01 -1.327294930146497576e-01 -1.425753936120903176e-01 -1.500521546245885129e-01 -1.629512174702880678e-01 -1.508864336749269619e-01
4.537746174986481001e-02 1.847683260018534446e-02 -2.751934407543769612e-01 -1.271849505437627481e-01 -1.399152689015773499e-01 -2.150596823629791765e-01 1.294108956839002400e-01 -1.549000802951179256e-01 -1.837466854892472745e-01 -1.008998104675953855e-01 -1.581552780236398781e-01 -1.452929019504854424e-01 -1.661464085568812588e-01 -2.005188025918355765e-01 -1.424615251254828519e-01 -1.403860265568470655e-01 -1.863266584820433558e-01 -1.250132787696870418e-01 -3.568378513089319748e-01 -6.139755782680350604e-02
-2.723001329590692965e-01 -4.645413460103808845e-02 -1.315822432754331361e-01 -1.833499421832309184e-01 -2.038581665352438566e-01 -1.460769777852173046e-01 -1.460004749425535819e-01 1.509446797848472965e-01 -2.686625709802639150e-01 -2.811712302907434791e-01 -4.378800267835191717e-01 1.582228300208959604e-01 -3.535894641187087295e-02 -1.640206025216726093e-01 -1.672003948323041167e-01 -1.784999529191269585e-01 -1.357639422660474326e-01 2.654142767664449329e-02 -1.251211148936768880e-01 -2.344019897536349095e-01
-2.676636074841542978e-01 -4.917535388886493802e-02 -1.238522946607742564e-01 -1.885478976483610514e-01 -1.909979410004833122e-01 -1.522847004624218459e-01 -1.529632385608211409e-01 7.033822532884367873e-02 -2.776737440654569733e-01 -2.111571605609225410e-01 -1.108733949882162867e-01 -2.779247458506602375e-01 -2.254564630992163532e-01 -1.410710286093571075e-01 -1.257809685026906044e-01 -1.377357798806301270e-01 -1.617310602741617032e-01 -4.691722514549061529e-01 -2.727612401130847242e-01 -1.935441076466573318e-01
4.552663134801914618e-02 2.253497297380925579e-02 -2.670544949723262507e-01 -1.094936476221779892e-01 -1.404958177397967189e-01 -2.318119172928650717e-01 -8.979326907227117016e-02 -1.527960111453741110e-01 -1.553356397904790409e-01 -1.535761291446149646e-01 -1.473683052147684303e-01 -1.585490468638838246e-01 -1.384116875748716002e-01 -1.890858064167222907e-01 -1.502414811163693964e-01 -2.106971768709808290e-01 -1.965642208870590213e-01 -1.128278393385198364e-01 -4.308203269058095142e-01 -1.844195498640873246e-02
-2.798891475411798835e-01 -1.087913187986328488e-02 -9.923385901037817813e-02 -2.101607908891585663e-01 -2.139740365370361996e-01 -1.472654251375423440e-01 -1.463771312846272876e-01 -2.790702796255989937e-01 -8.290790353704560744e-02 -1.438924291575654490e-01 -1.099847930433678622e-01 -2.258086042833600815e-01 -1.919073349869986900e-01 -1.448095811411507228e-01 -1.289801960601013875e-01 -1.320692576845197141e-01 -1.143178356759400049e-01 2.533718326112039398e-01 -3.219171825533915371e-02 -6.361763360558808818e-03
-2.814768218493771124e-01 -7.334737294795824064e-03 -9.821212950114449614e-02 -2.113448521392957413e-01 -2.179564854841236354e-01 -1.459361002979723265e-01 -1.443831114383014869e-01 -3.122648634166538817e-01 -5.399892261236031998e-02 -1.458326636346561345e-01 -1.776763965716612326e-01 -1.038044613668082372e-01 -1.347481068904469448e-01 -1.548546228636010214e-01 -1.583471817391925718e-01 -1.506825542461443790e-01 -1.503223432836638118e-01 -1.206987214488007970e-01 -1.426741408525951105e-01 -1.558188620490420229e-01
-2.813197719176791511e-01 -7.754648525456564814e-03 -9.845501450084477579e-02 -2.109832536927288837e-01 -2.175453584326319800e-01 -1.458650563201702999e-01 -1.444122718300478170e-01 -3.108959667770712643e-01 -5.422351271959587049e-02 -1.460362150600061637e-01 -1.844310200580019099e-01 -9.161722466657548636e-02 -1.283240999005006711e-01 -1.559122674760928251e-01 -1.617552392651714355e-01 -1.542196232436796877e-01 -1.566230342691201094e-01 -1.920277701462028974e-01 -1.658829180251163715e-01 -1.923507252034675208e-01
-2.742158158055859052e-01 -2.352714581668511815e-02 -1.041377647597786504e-01 -2.014037172086280136e-01 -1.992109848096059732e-01 -1.471422422394743079e-01 -1.494410683198795498e-01 -2.478133481764338841e-01 -1.048872840240839266e-01 -1.336495893387186773e-01 -1.358769018016860453e-01 -1.743795642257399414e-01 -1.534153251722761013e-01 -1.494795273426419158e-01 -1.454187452850392026e-01 -1.573966665352355132e-01 -1.468913529636524939e-01 -7.046887523064480907e-02 -1.265386419760628489e-01 -1.668618277156258545e-01
-2.759386774791010577e-01 -2.736035566264768612e-02 -1.130223332853377421e-01 -1.986097012630482772e-01 -2.075454554905407922e-01 -1.476571482201499141e-01 -1.473627310201114649e-01 -6.224469809348848887e-02 -1.860366114854915542e-01 -2.081242069103166337e-01 -2.410178155495557306e-01 -7.990843494995711338e-02 -1.357434196526782766e-01 -1.517510313920846787e-01 -1.425849221124728672e-01 -1.566837591438452748e-01 -1.327943122106453600e-01 -3.888496078615528290e-02 -1.648590837747069271e-01 -2.510799374878597834e-01
-2.829627662921644360e-01 -2.768104695504682890e-03 -9.540357231386195624e-02 -2.141449592436436566e-01 -2.214546205790627609e-01 -1.453935437135421560e-01 -1.431044327544891970e-01 -3.698602855487849728e-01 -1.966667105493048739e-02 -1.348227750897574850e-01 -1.803220941112996245e-01 -7.603680981292902652e-02 -1.203846254086456125e-01 -1.589731925543989288e-01 -1.738187605496630261e-01 -1.523515735825918538e-01 -1.763213754513333897e-01 -4.033645583711643612e-01 -2.089526796707234513e-01 -1.526303529310371609e-01
-2.829270440200344350e-01 -3.103567005162669989e-03 -9.573567692510347171e-02 -2.140147861783052441e-01 -2.214271978787575590e-01 -1.455481582679528374e-01 -1.432731584882299958e-01 -3.577331630364602999e-01 -2.706055488649689728e-02 -1.379133774687392733e-01 -1.757436787836950676e-01 -9.098993801460401876e-02 -1.286636299698109276e-01 -1.571171789552556763e-01 -1.669154528949824967e-01 -1.492610681655262839e-01 -1.630686551122060568e-01 -2.530120186515032454e-01 -1.686494577388223670e-01 -1.322009730206121780e-01
-2.711735050305488781e-01 -3.477159844501211128e-02 -1.117276107881800401e-01 -1.985730744752109145e-01 -1.956225925437145019e-01 -1.523033582287947607e-01 -1.530253002354313441e-01 -5.175529530683016521e-02 -2.275311644633928321e-01 -1.758359036841488920e-01 -2.902831001889340234e-02 -3.866663293378598265e-01 -2.728223994186485535e-01 -1.330010005514179749e-01 -1.003455670291184543e-01 -1.252102731926327261e-01 -1.147658273267440493e-01 7.182716871380587231e-02 -1.303720275146054985e-01 -1.325114723285024387e-01
-2.738077591083931117e-01 -2.717108972770462469e-02 -1.072042046601470178e-01 -2.032370901105428895e-01 -2.011408560068686513e-01 -1.517176225423647884e-01 -1.518227511994976742e-01 -1.106781205876628815e-01 -1.964199670086572147e-01 -1.647011068070609874e-01 1.356973596702806557e-03 -4.344116474357352375e-01 -2.962895030188261170e-01 -1.287747439452156806e-01 -8.595331253924690107e-02 -1.092638447589019818e-01 -8.454217459950931490e-02 4.263153089916156824e-01 -1.635739438432363968e-02 2.720098176990839653e-02
2.171868904328163458e-02 -3.450160391577533625e-02 -2.502463891792671147e-01 -1.715117237839977882e-01 -1.450342516221412859e-01 -1.450542851300982428e-01 1.653483766162139046e-01 -1.543004326568286066e-01 -1.876433375519235280e-01 -9.248683369107386920e-02 -1.613205339684244399e-01 -1.409736641658349277e-01 -1.722824988154209036e-01 -9.524540560011179879e-02 -1.575025935902803487e-01 -9.682122230787067185e-02 -7.747123817383849698e-02 -2.122954713384423986e-01 2.967403601854705086e-01 -3.547064543623794641e-01
4.302758079438755157e-02 1.304976763421679918e-02 -2.728973000770457125e-01 -1.321625674146029439e-01 -1.404251985745826881e-01 -2.073583864726710191e-01 1.397512067493942856e-01 -1.548948808302947622e-01 -1.850203157702931256e-01 -9.836498966709870950e-02 -1.588765580488514795e-01 -1.443217879791447722e-01 -1.678119445730796855e-01 -1.866814816758222695e-01 -1.443248020292949574e-01 -1.315833316168607547e-01 -1.682458085633640743e-01 -1.404898130902741682e-01 -2.354350341788521705e-01 -1.169520217727137573e-01
-2.341015205449882008e-01 -1.731591921176646731e-01 -2.081112400728893641e-01 -3.923102344820734305e-02 1.459352104321457178e-01 -8.154932646782533934e-02 -1.211834326732432743e-01 -2.065354024524470311e-01 -1.076420705339105333e-01 -3.307939416395989651e-01 -1.942963249762722777e-01 -1.233993459467982168e-01 -3.552704280074910903e-01 -1.554317381040964396e-01 -1.714925120267663250e-01 -2.011986082023004274e-01 -1.718724152314240750e-01 -1.885379500345241433e-01 -7.714751369826367000e-02 2.590744627804202407e-02
-2.713294180328278404e-01 -4.972988527272540621e-02 -1.339637456259256121e-01 -1.811175407796255798e-01 -2.022628951818829790e-01 -1.460355291561790669e-01 -1.461688179778951047e-01 1.579258676963551933e-01 -2.708738169028969689e-01 -2.800844796685850180e-01 -4.312100884928091182e-01 1.480895046867320985e-01 -3.778599907683816150e-02 -1.636460306269815757e-01 -1.677450028168017693e-01 -1.758165952820982258e-01 -1.408582874654941419e-01 -2.071461985201324824e-02 -1.277084647082536994e-01 -2.003751469703894117e-01
3.936277940601744935e-02 3.875008206029301790e-03 -2.708619803456119857e-01 -1.432369621215179301e-01 -1.411078637096597754e-01 -1.921130522577918220e-01 2.019947388977482161e-01 -1.553319833701299613e-01 -1.931207566538157283e-01 -8.276869765772436327e-02 -1.626042723343310292e-01 -1.394190699049899507e-01 -1.774960219097024838e-01 -1.669565370677270622e-01 -1.451981780097907349e-01 -9.541613683146231428e-02 -1.331900383178583613e-01 -1.726006170974662135e-01 1.497983733199764918e-02 -2.362013488783453463e-01
-2.638957757546726568e-01 -7.216370310248385045e-02 -1.485780545941894903e-01 -1.667893272142559336e-01 -1.898240184225424565e-01 -1.462094009944506223e-01 -1.479566029096496815e-01 1.416765270628113638e-01 -2.605131910380364402e-01 -2.474778393913239505e-01 -3.183655799895657723e-01 2.077741151717920861e-04 -8.761291269116376623e-02 -1.571872068460179184e-01 -1.628114654392184280e-01 -1.531464039731416371e-01 -1.658072319276796547e-01 -2.672744522910212583e-01 -1.524926964433707954e-01 -5.669513270944361721e-02
