3.394354299016499876e-02 -1.211964876504557920e-01 9.787456542617119573e-03 3.290242950938310901e-02 8.449975603546087954e-02 1.495127073953958774e-01 2.807821745961000190e-02 -1.373101225999358854e-01 -2.022987837861726576e-02 -1.380618883593654478e-01 7.432002035982773758e-02 5.911225100311795488e-02 -1.332788278021027582e-02 -1.052477054038306048e-02 1.562259811276721366e-02 6.584053056349771504e-02 1.890910602682184180e-02 -2.167806397318389894e-02 -2.084253050563393203e-03 4.508774422956802336e-02
-1.460350196672363481e-02 5.381164990302315931e-02 2.954728633947513727e-01 -2.044269589402421955e-02 -8.457441862890638720e-03 -6.110957979732290629e-02 3.733721619055875574e-02 8.085124065893158074e-03 1.087228114389251002e-02 -7.826230461884114975e-02 9.627611039256217529e-02 -1.513926897666715010e-01 -1.823396987369013070e-03 -1.788430172317908781e-02 -7.726934565653169676e-03 6.204209794246598464e-02 -4.811848339357410048e-02 -2.435571282972478005e-02 -4.521999532850944428e-03 3.064073041659290397e-02
-6.175863558853588592e-02 -4.321132119231290564e-02 -8.458378542170367316e-04 2.134936314859946921e-02 1.297093015033913832e-01 -9.369328527701064821e-03 9.820752145903746677e-02 -6.757298572858784491e-02 7.429537612783854161e-02 -4.271450233924520279e-02 6.524418029149964271e-02 -9.772699188974172391e-02 -1.976016669981608617e-02 -1.298206428393589851e-01 2.120434164113162503e-02 7.471964910952613725e-02 -2.007984164572460244e-03 -9.809730969156303659e-02 1.545999385028663797e-02 1.335152587026277038e-01
9.967794031131771426e-02 1.003261907804021552e-01 -4.770158524657091420e-02 1.604218954355436655e-01 -5.197229909709843998e-02 2.078058302101911531e-02 9.424000849201493932e-03 2.704210455867877422e-02 -1.242170812524428236e-01 1.582661171990901172e-02 -8.658580977547292168e-02 -1.081988341165128348e-01 -1.569913883057970916e-01 -1.692782325584101660e-02 4.636535677824731028e-03 -2.071859869786641384e-01 -2.172396173528425567e-01 1.417122892549522485e-02 3.980310251351734663e-01 3.751617276974831411e-02
3.238416104546250340e-02 -6.670852351777876998e-02 1.235439343505953247e-01 -2.339169733051739072e-02 1.241915666286109859e-01 3.400150515942624851e-01 -1.918364155720682709e-02 1.961520053100342109e-01 -4.161788765204532670e-02 -6.891647650435062458e-03 1.169175842222072020e-02 1.774740323203256517e-02 2.975806169065171175e-02 1.920861383858156468e-02 4.740937966009080295e-02 -4.419319748225545436e-02 1.349202423961088845e-02 -2.456286483410741357e-03 2.198072562927790453e-03 8.195422090324214204e-02
1.541493598146225219e-01 1.296547632798059901e-01 -9.707292053303406831e-02 -3.107508836986829226e-01 4.198962143531224239e-02 -5.217171155551826242e-03 1.058730409512788698e-02 -2.121354163636411433e-04 -1.512771070969168817e-02 -1.325595827140641988e-02 7.190377301754248551e-02 1.398589906380187479e-02 -1.383131829653351866e-02 -3.320634321169662478e-02 -2.876738726908782406e-01 -3.391770377502837525e-02 9.529693893453169973e-02 -2.722894473600235427e-02 -2.667714523044734803e-02 6.541009748785880928e-02
1.523339708407830118e-01 1.299320681912389253e-01 -9.490289934319233456e-02 -2.815363857037070372e-01 3.703411620656927444e-02 -3.556684454117511451e-03 1.034855564434724630e-02 -1.561144477756277885e-03 -3.560295883065098255e-02 -1.261317212198474931e-02 7.015083616616245299e-02 1.453926625661141952e-03 -2.236299700866332604e-02 -5.559515392807805323e-02 -4.368283157664815675e-01 -8.529031944433361490e-02 1.442832022476555620e-01 -4.970418230781684793e-02 -6.138058937617626998e-02 1.082943757934539952e-01
1.118791170852371508e-01 1.236780118224207886e-01 -4.762927122982626993e-02 1.945303278540037317e-01 -5.917668477550513950e-02 4.993397693718510527e-02 -1.782820500706048736e-03 3.223147114959181922e-03 4.021189213821751290e-02 -2.813277374323423698e-03 -1.170098108831685441e-01 -1.314760787296050393e-01 1.510375470348036542e-01 3.812028323884080611e-02 3.368257153391061159e-02 -6.465808924903018728e-02 -1.720630177238916259e-01 -5.536292837604723377e-02 -2.658147442359986012e-01 6.723817185798652840e-02
6.222520719435342684e-02 -7.337369156687091609e-02 -1.595437293220900929e-02 8.986290313912799477e-02 1.983488096695481748e-02 5.760291886493245500e-02 4.237202142172624003e-02 -2.816008495146366530e-01 -1.136117967618381353e-01 -4.135374776349994841e-01 9.844707261015525623e-02 2.722024309409131204e-01 -7.692572002543526756e-04 5.941507643317319592e-02 4.298991094599104862e-02 1.124686385772672402e-02 3.582902839765560871e-02 1.895187516615607151e-02 -1.028577350003925112e-02 5.518205355331617414e-03
1.411834921859707326e-01 1.282477885288733910e-01 -8.234681000197535683e-02 -1.549006372822863686e-01 1.455147764571881018e-02 7.553305990717360321e-03 7.529322227071074368e-03 -3.580702787589271855e-03 -5.448075393703567804e-02 -5.717121564867676427e-03 2.571431401485126458e-02 -3.185667889409687925e-02 -1.503863641949403605e-02 -5.392643264106265766e-02 -4.038544936602139201e-01 -1.142561005725881984e-01 1.167687474132218656e-01 -4.632674642464953974e-02 -9.133722440288295774e-02 1.041008009515644178e-01
1.550889528684543661e-01 1.286869989747676801e-01 -9.523774608710848522e-02 -3.273031875340987051e-01 4.930134453663573280e-02 2.828981799363874949e-03 7.311038695721438531e-03 -1.796800116608344294e-02 4.037856606131871862e-02 6.716555099363214626e-03 4.515299616544508898e-02 4.701246302410140576e-02 2.086844290343716629e-02 4.185636655589147770e-02 2.877549623542384749e-01 1.897389339514525194e-02 -2.204573708744730631e-01 5.674634947422185771e-02 7.479955189174515573e-02 -8.041647482065208963e-02
1.548998495747417048e-01 1.293444035898355382e-01 -9.721487395063350967e-02 -3.211011842347171186e-01 4.413520085092306755e-02 -3.742451394421942093e-03 1.019436234321511800e-02 -9.933225441943434927e-04 1.926495776004380836e-02 -1.225925300818477351e-02 6.049660954907625648e-02 2.721721934235122806e-02 1.185176154212807045e-02 1.408418177635044517e-02 5.048637090814681733e-02 6.212299999043316423e-02 -1.120377450945052727e-01 4.790100562182136867e-02 4.554859539230116799e-02 -1.140934388265269772e-01
1.553791408652981376e-01 1.290416187931824887e-01 -9.637384960301631498e-02 -3.238514428707161552e-01 4.556868613252541139e-02 -4.344041952339583370e-04 9.318842341821313366e-03 -4.662660950259863747e-03 5.031156535229078935e-02 -7.518016188423560370e-03 4.564809187787226968e-02 3.835982986179474474e-02 3.193460078506656086e-02 5.071002644980257545e-02 3.056008180501448290e-01 1.027167326823859028e-01 -2.479801839723359269e-01 8.369294565911437889e-02 7.146884553302942922e-02 -1.820152225366691578e-01
-8.769368973518923416e-02 3.489981265917770775e-02 2.321252660312447813e-02 5.925501692688832367e-02 2.773078151982515949e-01 -1.338124446010483526e-01 5.678429139924520003e-02 2.324636735189649153e-02 6.471095620303017604e-02 -1.066590790844691577e-01 2.460257106671485394e-01 -2.553160393004362261e-01 2.926258428358980389e-03 -6.252264614469103809e-02 6.778783054340263570e-02 -2.975865676711107743e-02 2.020620455557964670e-02 -6.879946749481065382e-02 2.117264685485334766e-02 1.123455138828703126e-01
-1.111331771063144014e-01 2.725068968323054661e-02 -1.240476609237533374e-03 4.087576547584137465e-02 1.804766435637961686e-01 -1.038555312208302300e-01 5.325687441874406985e-02 1.831320859404492532e-02 1.160804290571530034e-02 -6.212092249708801861e-02 3.215354584677426186e-01 -2.895972994284203295e-01 5.807749579635183151e-02 -2.511146619643647715e-02 1.225425439800705424e-01 -2.200562211135624335e-01 1.320610769003598139e-01 6.225062288589670173e-02 -2.692352739216659005e-02 -1.536219444587675065e-01
1.555323940767995052e-02 6.206557928781820943e-02 4.063535022532543395e-01 -5.180294154419540914e-02 -1.286092856638518800e-01 -2.611843461531557914e-02 2.844735142027328065e-02 4.052894143210663408e-03 -9.167621294256569561e-03 -6.057892640910698956e-02 2.660506230111950657e-02 -8.780877158163344354e-02 -3.998123080584310186e-03 8.122933973099240659e-03 -3.907927779472734897e-02 9.003372983726015688e-02 -6.209582020482649900e-02 1.358127237120239014e-02 -7.762114359495275208e-03 -1.591736893058043681e-02
8.959787355435584744e-02 5.586868808283044358e-02 -3.710324188845300075e-02 1.480377086051714586e-01 -3.232540310725460359e-02 3.864834823947734671e-02 1.808291253041296315e-02 -9.262406486236317293e-02 -8.484196867961507627e-02 -1.507119751882666503e-01 5.686568181267559474e-03 7.276381196094694470e-02 -5.833124203456546697e-02 2.102844657021415639e-02 1.631560789561385325e-02 -1.008091197701578984e-01 -6.929332118613396041e-02 3.282502758259791403e-02 1.791279305763507912e-01 -8.245407602260629992e-03
1.137354257883909786e-01 1.247628346353716750e-01 -4.704392746001957726e-02 2.114045706794108193e-01 -6.493004027233270636e-02 5.118050634758217199e-02 -2.202409370979966318e-04 9.743496047287282524e-03 4.232975579397929566e-02 -6.385402425314984712e-03 -1.220635819843601810e-01 -1.367459839301747304e-01 1.440853161671276084e-01 4.028169555256696371e-02 4.444383772957018891e-02 1.427753585994325988e-02 -3.271149285314547961e-02 -4.134088982662146444e-02 -2.667498402890421949e-01 4.821347801431885571e-02
1.412818499822511287e-01 1.264429861955922441e-01 -8.157626352067633146e-02 -1.447820375871260445e-01 3.884604791870014708e-03 4.943702138867294739e-03 8.391762827397338670e-03 2.842368038487683851e-02 2.038126385376759497e-02 -2.346364521258629057e-02 -2.114741215910782152e-02 -4.607198208992546035e-02 8.869590127093740506e-02 3.895137786553736631e-02 1.259157704242427900e-01 1.786450947315322280e-01 1.014390783833353654e-01 2.419574813061117768e-02 1.842312175336057248e-02 -3.061437952945149713e-02
-6.130080027114111901e-02 4.274923826412743710e-02 4.030058939909585136e-02 6.242124015563584039e-02 3.128518706324819876e-01 -1.288708950941524767e-01 4.726879029155317546e-02 3.094681599274402145e-02 1.402005535627408594e-01 -7.640515146908712085e-02 -3.834287098882840222e-02 -5.297754948991335172e-02 -7.350438602777115138e-02 1.615967315000076468e-02 -4.590760021623461334e-02 1.304580743957071964e-01 -6.466109111265716525e-02 -5.021371337459722139e-02 5.064799326367121907e-02 1.747258341226186340e-01
3.252700068249378233e-03 6.805723481193969027e-02 1.030582005969725157e-01 6.306180969986575902e-02 -3.748658180786838823e-02 -1.542468813537790397e-02 -1.502049238962967215e-02 1.237835182291031205e-02 6.812976430088848318e-03 1.334568306268922033e-01 1.692630586286152650e-01 1.454531670276694444e-01 9.048588589482643718e-02 -1.375367062385138804e-02 -5.130622773205451709e-02 1.050865811667462818e-01 -4.329251967055964406e-02 6.736979480716447088e-02 1.014944667712314036e-01 5.657579380091559695e-02
-2.860391450528706678e-02 5.985096533577744654e-02 9.466922200321951095e-04 8.942213820827216164e-02 6.741986262482357883e-02 -5.540173436368580479e-02 -5.734745385792580641e-02 -2.521987814170752532e-02 -2.436471712214450802e-01 2.352487761304374314e-01 1.144033193711635615e-01 1.721626363686159789e-01 2.435765911972725128e-01 -7.047231708344391110e-02 -6.050265155334888512e-02 4.342367726283652418e-02 -5.851685584987539879e-02 7.936837271110265546e-02 2.383029910202974239e-03 -8.288836211840408530e-02
2.216581061115462797e-02 6.221243745068572722e-02 4.106980681652103171e-01 -5.641948221732055735e-02 -1.371085564306340210e-01 -1.979052105373073703e-02 1.899812868862854609e-02 -3.704605174380969871e-03 -1.475469296937622146e-02 -2.856996049247118377e-02 -1.152913601702175439e-02 -2.885106946152075219e-02 2.023632993160845699e-03 1.465200929645965773e-02 -2.502100384388026427e-02 4.447556866026274036e-02 -1.412546812122593247e-02 2.089047009642062969e-02 -5.685321819407323368e-03 -4.013296764556639751e-02
1.223246710129759912e-01 1.254142245751401208e-01 -5.742596777099120281e-02 8.622377221852751961e-02 -3.131092141371300680e-02 3.832144597319583207e-02 2.352005846427221609e-03 -1.170477119324397431e-03 5.527617572335803697e-02 -1.296823144572962008e-02 -9.320304508613491690e-02 -7.961687333177845660e-02 1.181554337675546767e-01 5.060461391355863120e-02 1.069417713162048311e-01 1.003228584293320430e-02 -1.987671485232321567e-01 -6.075767970660280598e-04 -2.309324302074375612e-01 -4.834797731178278740e-02
4.910767567893753460e-02 -1.176091698292461712e-01 -1.540145126771135659e-02 6.190674692240245164e-02 1.930000026041287647e-02 -1.958472882387025590e-02 5.506332063727780585e-02 -1.779614300805442972e-01 -6.338885609418805356e-02 -3.283796488546409931e-01 8.304736605175923325e-02 2.009377987619873351e-01 2.761982012970030237e-02 2.181446188852230114e-02 2.784034167929825415e-02 2.709065659899601713e-02 3.273340073728848304e-02 -9.638636170862392716e-03 -5.152174331305169053e-02 1.907314827665210558e-02
4.193915692792156424e-02 4.389657744120800675e-02 2.713620005181660577e-01 -8.429245613389212133e-02 -4.711577526112866593e-02 3.931640825301836555e-03 5.295385280044386661e-03 -3.690853771032957115e-02 9.767939579428994157e-03 3.547736000603262524e-02 -3.964278625457531152e-02 1.048912320995539285e-02 -3.948838653530033563e-03 2.721666914465885323e-02 1.381495576372079592e-01 -1.151513042916388480e-01 3.826057496556653503e-02 -3.787579322128387799e-02 -8.919804768876224768e-03 2.224124027990553865e-01
1.097007577414048779e-01 1.091870186543175553e-01 -4.602243212267306816e-02 1.450725551517455802e-01 -6.525509326820864986e-02 3.756414420851316577e-02 9.410092655593978520e-03 4.319793463831651109e-02 9.860871783372449073e-02 3.367259787145967381e-02 5.373578381534278858e-02 2.642667115509788472e-02 -1.088681602344405697e-01 3.587573412549532447e-03 5.606575346952324262e-02 7.705958451287002291e-03 1.014741321452497860e-02 5.667194468511054135e-03 -1.857366737756336039e-01 -4.806190239418783872e-02
9.421801517760836076e-02 1.162593131658014450e-01 -4.056003153011206869e-02 2.029406684275144312e-01 -3.721858881181990680e-02 3.278103540034108671e-02 -6.726297989949977900e-03 -2.920670412680444195e-02 -9.682703150792658364e-02 -1.801691093872337000e-03 -1.090986322254825919e-01 -9.483989688813310170e-02 1.271218232512383861e-01 3.390992833546267390e-03 -5.885244919395218877e-02 -6.680439278730598840e-02 -3.571597571514894404e-02 1.800617106025637071e-02 7.812175471442851793e-02 1.655746068392742812e-02
1.155534207475841374e-01 1.230140269045961604e-01 -4.627130330469449854e-02 1.626636394002010932e-01 -6.567321954734446632e-02 5.459895724452916432e-02 2.314340597035344682e-04 2.456093653445495101e-02 1.876219852711931424e-01 2.765600297895444079e-02 1.519819524506806768e-02 -8.953855764559025612e-03 1.087454130362648375e-01 3.426693124748118185e-02 5.422981894481183895e-02 -3.234276541117935694e-02 -1.625122440535511081e-01 -4.341131052098719939e-02 -2.868147077940589318e-01 2.645166472183868578e-02
1.154656312922443667e-01 1.242985239511139317e-01 -5.178512713996906436e-02 1.481534122376383655e-01 -3.401394945646673412e-02 3.282455474478224167e-02 -1.532435287413407921e-03 -1.722860862955231942e-02 -7.725197478082647395e-02 2.180028406407161050e-03 -9.449636159464451513e-02 -1.057226384107153166e-01 1.207689225168891711e-01 -1.884705786421869353e-02 -1.913835961601487168e-01 -1.124408431758969346e-01 -1.332390736534400620e-02 -9.682698780941287331e-03 -3.033482050273885594e-02 5.513703316937385718e-02
-9.098148950733236928e-02 3.482391945875693701e-02 9.918126691387869898e-03 6.077918523850751181e-02 2.211751207137650777e-01 -1.247055631173416140e-01 4.036676007813769229e-02 1.526484045903351780e-02 -1.884930701573372600e-02 -3.975914850859112171e-02 3.389689923032853103e-01 -2.675346752497076430e-01 8.142088732127591988e-02 -7.950109500546273522e-02 1.128774618046975153e-01 -1.656053907372371792e-01 9.463477364780446821e-02 2.632855100211465779e-02 -1.513270899321524608e-02 -1.235545823655961745e-01
4.279326983759285802e-02 -1.335696561777781344e-01 6.368299195310063443e-02 -2.788110399340324157e-03 1.656324406947423944e-01 4.582075172332072954e-01 -3.423211303673904388e-02 2.447965927441951017e-01 -5.683806003413657826e-02 -9.009935620205195039e-05 4.003186872354827508e-02 1.919449058730470078e-03 3.905005797593191080e-02 1.840916401851521583e-02 -7.359053909082329328e-03 1.091788704480233137e-02 -5.749903959502374040e-03 2.989904416106784965e-02 9.888929025990006449e-03 -4.178683564557171548e-02
1.180187984485382702e-01 1.227835706621644152e-01 -5.971137998776316486e-02 6.855506778874216611e-02 -3.053798462103627862e-02 2.907959780554482745e-02 -5.369540678231084262e-04 2.375982140835229336e-03 -2.301641723307497334e-02 -1.966163524084011544e-02 -1.227164988437084298e-01 -1.470843123605381775e-01 1.969960349804992517e-01 5.493446384675978317e-02 1.176379062830535116e-01 3.180905568812993911e-01 4.287801018917831719e-01 3.547848537582283523e-02 2.227431187562675663e-01 6.687313798808933347e-03
1.168325438287516060e-01 1.227137323039236977e-01 -5.821925784886724381e-02 8.411365237862043764e-02 -3.357671383894857836e-02 3.115169830078451385e-02 -9.295817597572573945e-04 1.524995988432009978e-03 -2.200847688473894781e-02 -1.890338126670680977e-02 -1.276369172584738421e-01 -1.516463577334916102e-01 1.999854408698071850e-01 5.513022139840535046e-02 1.138082662413768820e-01 3.104994786694469378e-01 4.232884523662408527e-01 3.178919386184534540e-02 2.068768602935475154e-01 1.149603226664298698e-02
7.342481852044541180e-02 -8.006898416601238022e-02 -1.929665081262050413e-02 9.670989890186294791e-02 4.617187007314401716e-03 3.772355000195869168e-02 3.086171377414085801e-02 -2.766866904975038288e-01 -9.812439790432021802e-02 -3.283194163579608027e-01 6.406569652744771581e-02 2.074973387443970751e-01 2.853705050951010555e-02 5.769693091113618777e-02 1.570339656330858522e-02 1.880803248998397931e-02 3.827565304679741293e-02 2.821377876529418058e-02 -3.959062107872653169e-02 -1.502918365773815886e-02
-1.227410664747335262e-01 2.402638806425008711e-02 -2.187738782753392494e-02 3.480341959364262328e-02 5.056189813130709115e-02 -5.110877611353948496e-02 -1.608824169374452676e-02 2.065620875325642480e-03 -1.553387127126279466e-01 1.493600722714054085e-01 1.927774947822259444e-01 6.563141046811891977e-02 1.211929840934159452e-01 6.689545355704706875e-02 -1.864313467686449718e-02 2.579993693698933721e-01 -1.909988388489335387e-01 1.853773576653561239e-02 4.563815882273909025e-02 3.471413840304311549e-01
-1.513982671602608632e-01 1.302976436008344840e-02 -3.878359649687693894e-02 1.966169087472954477e-03 -9.478736624740266223e-03 -4.326778208703402524e-03 1.777479048118011662e-01 8.997043024648019444e-03 -1.021951985284614145e-01 1.356104879626612580e-01 1.351238003098937379e-01 4.562353370333040864e-02 5.285902658263427062e-02 2.585253577139634551e-01 -2.146542645564690141e-02 2.299261765214755948e-01 -1.576470750196198312e-01 -1.638357462356098415e-01 4.250497463134527559e-02 3.342716341413972669e-01
2.515095314732061771e-02 6.392545752583939089e-02 4.164721169996504213e-01 -5.410041081656663531e-02 -1.444724810290317074e-01 -1.720715887057552157e-02 1.844858239925232027e-02 -3.303084860316640378e-03 -7.020527388180662458e-03 -1.848656943970818436e-02 -1.034255993839853019e-02 -5.680631489474688434e-03 3.277133999358966890e-03 1.442492570972189053e-02 -2.338197392818879700e-02 2.806525354519826335e-02 1.225400085235078818e-02 2.807856155029902698e-02 1.163053057613825172e-02 -4.718318785111753899e-02
9.628991746396060869e-02 8.012007494782769079e-02 -5.043923232364302955e-02 9.564329874099324058e-02 -4.777230371631865230e-02 -6.012362245057109415e-03 2.367818446401577168e-02 7.964925014569439188e-02 -1.543859051695843365e-01 6.054501287114124469e-02 1.879256386422734071e-02 -2.259185808671673734e-02 -4.147827333422982043e-01 -4.091717289553641057e-02 5.017196076581686981e-02 4.051910893139757525e-02 1.234017592773645478e-01 2.260473243531712847e-02 -1.574204555238712666e-01 -6.118439459238648320e-02
-3.051274714375071945e-02 5.889452182511657752e-02 6.459647060603237491e-03 9.842820873028525208e-02 8.878220777661781360e-02 -6.792198672124499792e-02 -5.528670208960918819e-02 -2.436340184363655278e-02 -2.614899016796664033e-01 2.439929314657998116e-01 1.284116914688833433e-01 1.733145198896567096e-01 2.282925975886250791e-01 -7.617562314088886788e-02 -4.106822590431816883e-02 5.963018254205675051e-02 -5.013073941471587330e-02 8.289794594953456275e-02 -2.837264711411864354e-04 -1.032554507366619106e-01
7.847854607329624033e-02 1.202144724192868823e-02 2.816015655468691661e-02 -1.310199026157322921e-01 9.974876758345332939e-02 5.912946744430999137e-03 -1.933199071504301814e-02 -1.259126961579582205e-01 5.602610270371748830e-02 1.602032679468045895e-01 -1.013882888006902017e-01 9.873573306313782050e-02 -1.318524832873279110e-02 3.597282026916245878e-02 3.122554171060110684e-01 -2.735613068399856962e-01 1.119085325594136038e-01 -7.753259921475048888e-02 2.713911760395181123e-03 3.247865531601730194e-01
-4.982822322529210923e-02 4.241124321319009183e-02 5.048729032371972875e-02 4.216334163431950666e-02 7.396827048089579804e-02 -5.983324712474256263e-02 -1.189227373482187461e-01 -3.566331869994705112e-02 -1.896202961348136817e-01 2.356231348432543948e-01 2.317791220478263373e-02 2.451490715583724278e-01 1.926057557692925915e-01 -8.064759158031775677e-02 6.365201617222662756e-02 -1.534431854342496460e-01 1.340434517290534644e-01 -3.471030849016595865e-02 -3.874916779052614557e-02 -2.157587212604242244e-01
-3.576357580996551017e-02 5.191343704850762825e-02 4.416762922937392255e-02 7.212279231875526331e-02 2.739690847275326746e-01 -1.152492375199983682e-01 1.390087592685597395e-02 2.292962356996388132e-02 7.639659570818603529e-02 4.496283536923176977e-02 -1.565346046438066130e-01 1.134095342083758784e-01 -1.976001712179101949e-02 3.843992897154679261e-02 -9.067200768147394563e-02 7.367764041566171596e-02 -2.840515413842805217e-02 1.158344982225170267e-01 1.519647013167002222e-02 -2.000412076907243097e-01
3.770674158026431078e-02 7.214232406090582972e-02 3.706348117533144193e-01 -2.471844979823504748e-02 -1.561109908603652008e-01 -5.117484865838293692e-03 2.126414474630121745e-02 1.167343930680123272e-02 5.818006431898407882e-02 -1.858171250346289660e-02 4.919425900071808244e-02 7.838792882561873218e-03 -1.394271991996149339e-02 1.143613735801065311e-02 -5.178479915532837458e-02 7.181318676957533509e-02 -3.170393283958110580e-03 4.646573602662025515e-02 4.818014086351505437e-02 -8.254391457443766011e-02
9.445958978270450890e-02 9.278036344049639395e-02 -4.610622229512097159e-02 1.579484765038844940e-01 -4.626190372428195391e-02 1.190344159118411800e-02 1.063194351243517896e-02 2.139657457948713343e-02 -1.627011618102362500e-01 1.098500165663480674e-02 -8.116562826337968273e-02 -9.043436230199210224e-02 -1.558548846727432491e-01 -2.250011899157220233e-02 -2.314090478958785377e-02 -2.056989143487523708e-01 -1.808801092169848024e-01 3.404138174810907719e-02 5.000000000000000000e-01 3.269953338532576026e-02
-6.220237951231760883e-03 3.917373787401032953e-02 -3.241947780717707728e-02 6.997351753201867808e-02 -8.725151057521368311e-03 -3.888805434482222462e-02 5.723734951599709214e-02 6.935383130405180230e-02 -2.336696537900249671e-01 1.571998425717932024e-01 1.069170371295610072e-01 6.877937546128873314e-02 -3.032156722308297359e-01 3.340959554578691593e-02 9.160289805531877938e-02 2.107303850852344784e-01 5.007448257748865761e-02 -1.414389099077698921e-02 -1.627704666371590503e-01 3.335396197667729601e-02
1.049343373093075960e-01 -2.726345238546928895e-01 -9.448816302895315673e-04 -7.079275635130876602e-04 8.806726214942651315e-03 7.282122095263572625e-02 -2.535932825509639582e-02 -2.900957012044173000e-01 9.525420937231855734e-02 2.292521097255358631e-01 3.734575923235988054e-03 -1.512229020372142241e-01 -5.825592670341047524e-02 -2.544686783752189013e-03 -4.196601314954766238e-02 8.698859092418732841e-02 5.199907889058620917e-04 2.074680028279842284e-02 1.467746277731530984e-02 -1.444352962575747197e-02
1.122647617168930634e-01 1.187887272777595760e-01 -3.139604717626742064e-02 1.900538722772117106e-01 -1.020702826788133788e-01 6.944778666755872798e-02 1.876891796381527887e-03 7.191859130439468006e-02 4.494859021458558757e-01 1.035225742220824002e-01 2.995386051507805680e-01 2.348634592355907658e-01 -1.346988625356834376e-02 -1.117845803019399883e-02 -2.641863444237105285e-02 -1.437083736111318885e-02 7.681384540005806172e-02 2.353597390419298260e-03 1.320986304302238235e-01 2.863848110307376515e-02
1.656437676600176030e-03 -7.186009962033429455e-02 5.444806685047069023e-02 1.323267181422335854e-02 2.018153061439102725e-01 2.960992108128819855e-01 2.656974359831823507e-03 1.849405731223925098e-01 -4.528570222159522540e-03 -2.140775368796030143e-02 -1.116254649804908870e-02 2.679528986263786036e-02 1.196024010794153117e-02 -9.892262148232961252e-03 -3.957884286979836651e-03 1.269299845270851351e-02 1.659277387568057482e-02 -1.333232855979678624e-02 1.343079966959916972e-02 1.535319234793667761e-02
6.071202170129983387e-03 4.163366529960307177e-02 1.702839602896907556e-01 -2.539653203662397760e-02 8.767504153349985063e-02 -4.495841247344159464e-02 -3.804062154505787052e-02 -5.138218676746347802e-02 -2.630873148039848675e-02 1.597406963262703594e-01 -1.418522733319957374e-01 2.140812762970117911e-01 4.924909437504629978e-02 -2.432147774156426907e-04 1.670323569897683436e-01 -2.971848812688716590e-01 2.425813548572544331e-01 -7.401252107016026427e-02 -4.362082588607516659e-02 5.482019424952163517e-02
9.765834009638790780e-02 -1.959725407921550921e-01 8.443644189507321443e-03 -3.759526496930880313e-02 3.650637392980348589e-02 5.968675325006064097e-02 -2.805038878306061537e-02 -2.810805184172617821e-01 9.479540029795213707e-02 2.486553324622068906e-01 -3.933929343960969327e-02 -9.093383859731636598e-02 -5.762618633381840633e-02 1.308360224830718184e-02 1.094522845272831862e-01 -7.951192778516935622e-02 7.507087156302486020e-02 -3.375511078082671368e-02 7.061156813913269971e-03 2.283544417338165267e-01
1.088912112904066726e-01 -2.974930464443042433e-01 -9.310298836429463723e-03 1.318118591807335323e-02 -2.913905079169315515e-02 -2.844973393942431053e-02 -8.835950538129071219e-03 -1.302565213500102292e-01 7.704444501666990464e-02 1.561252043695264824e-01 1.549510370884381186e-03 -1.128706092013279927e-01 -5.644998641197113663e-03 -1.267425290265969222e-03 -9.829790753795247804e-02 8.470026237730753083e-02 -5.582596176753240602e-02 5.371217101846031960e-02 2.342253842697643654e-02 -1.757645677258962980e-01
1.110979243454277982e-01 1.149867140794963438e-01 -2.983739221256998322e-02 1.779307311633321065e-01 -1.019022654659063193e-01 6.405055844425505684e-02 4.464072268194107032e-03 7.830638414535745495e-02 4.308219929365315615e-01 1.087636366268433102e-01 3.169235850233112495e-01 2.502531626982193447e-01 -7.111965496873089154e-02 -1.960917152665493310e-02 -2.674506069578459419e-02 3.262175866632883049e-03 1.082534324336087289e-01 2.037785781312688102e-02 1.635884550279165794e-01 5.582268065288301280e-03
-1.575766113199556992e-02 6.007375306001762338e-02 4.190047292782627525e-02 7.053510552533992506e-02 2.921491268148764808e-01 -1.096029150345978614e-01 3.077100920189539471e-02 3.210044915996172060e-02 1.700889196537921921e-01 -2.360738067239898444e-02 -2.466378604025061538e-01 8.798245641993775179e-02 -8.245277468165125578e-02 7.285188240478115973e-02 -1.027249080902531142e-01 1.451757855276233633e-01 -9.617961514016200308e-02 6.207838433053856214e-02 1.903313715087900362e-03 -7.295965739008876405e-02
1.058782280052169567e-01 -2.796473959594063530e-01 -2.906646967539824877e-03 3.235676418247079161e-03 -7.485856148796258018e-04 5.031579437210925015e-02 -2.228612141178340500e-02 -2.534033068813111855e-01 8.826676751127519871e-02 2.087384513195417179e-01 3.652805453063250399e-03 -1.377807217856482080e-01 -4.509630722551628140e-02 3.906054483913887643e-03 -5.875879540226868619e-02 8.566468422661938087e-02 -1.322474937252543330e-02 4.200891246790840194e-02 1.376729369483297057e-02 -7.692731275841931116e-02
4.143252855704878529e-02 -1.317776135525508541e-01 6.273500718551884570e-02 -2.148899641921722930e-03 1.698203880577807134e-01 4.620759717979124326e-01 -3.349983993649647412e-02 2.397215248959355116e-01 -5.717414687553636771e-02 -5.664820492037222696e-03 4.135111493644749031e-02 5.822104196454825319e-03 3.698426746642807794e-02 1.700671405745130330e-02 -5.573286093029069035e-03 1.496991201211831518e-02 -2.433086146041513187e-03 2.455130823474338184e-02 9.269786163072460394e-03 -3.217694050798138722e-02
7.261657149219888363e-02 2.964031057223540447e-02 -4.394331963665105284e-02 8.149378505937567019e-02 -4.645610112521485202e-02 -4.803914077206317829e-02 3.857129883394940645e-02 1.294494253692104468e-01 -2.134803114969620885e-01 8.526896917148445165e-02 4.945980175563992332e-02 2.027953214646983221e-02 -5.000000000000000000e-01 -2.951073509710650314e-02 1.423606172748183851e-01 1.203256279181320193e-01 1.398896697682876222e-01 2.829331792065877330e-02 -1.454728976763798864e-01 -5.136379726857993183e-02
-1.729528311541514984e-01 4.581477316315954798e-03 -5.565821849619560779e-02 -3.334990750342843591e-02 -8.470816851205768827e-02 5.695426762714762142e-02 3.291618942691157401e-01 6.124121967675717933e-03 1.311689720725073283e-02 6.650555657298938550e-02 -1.957431606885654332e-02 1.606683588597181828e-02 2.443741241482543305e-02 2.956850469383043856e-01 -3.028557591404469271e-02 -6.257551295590431384e-02 4.113904627744611325e-02 -2.003105185647805209e-01 3.998658113770147543e-02 -1.302557915990340820e-01
-2.554100985959318476e-02 4.780133854653381698e-02 8.937939969447419863e-02 4.381010169714618513e-02 2.831756096541176437e-01 -9.754038454079062836e-02 1.168839246420929658e-02 1.838345647537039176e-02 1.259681508654904303e-01 4.188913757746288991e-02 -2.612447309954569197e-01 1.748526362284371638e-01 -6.789984695161468964e-02 5.947726275567336018e-02 -1.908302480167611490e-02 -4.306232791039584645e-02 8.360438065984890366e-02 9.639941100349623537e-03 1.112269840384005025e-02 6.027117874230283889e-03
-1.729499464783154361e-01 4.699045245019978050e-03 -5.085696072385254701e-02 -3.010803899911370859e-02 -7.454822346553147128e-02 5.417381770749573298e-03 -3.030694698391128150e-01 1.521619600328425435e-02 4.555568965427150147e-02 -5.221697096816859535e-02 -2.608673525144880254e-02 -5.626473569210629910e-03 -3.390334053499340777e-02 6.353924040722514280e-03 2.758343100841702082e-03 3.916648278268096417e-02 -6.588682997122913970e-03 -2.784601948255797654e-01 4.166900316279934652e-02 -7.191017753848939764e-02
-1.729524302223593990e-01 4.611921837929635129e-03 -5.487884167244641564e-02 -3.273405640808025457e-02 -8.188216325529519557e-02 4.726600445149992807e-02 2.398622700882590275e-01 8.854052370491690555e-03 1.838992593027014705e-02 5.108333591985210476e-02 -9.790399577561942693e-03 -2.077654238492398857e-04 1.503390940767962078e-02 3.376481426533880503e-01 -3.524184523507814526e-02 -9.665625928256292576e-02 6.144145361472883038e-02 6.226624400994198311e-02 6.532094607322067210e-03 -7.807139883936407843e-02
1.136629581031795289e-01 -2.846826320034971936e-01 -2.254414763624458529e-02 1.317590942825352940e-02 -7.531282860829145720e-02 -1.944222269582101537e-01 2.459897928636733261e-02 2.038751258699036395e-01 1.531896388410694705e-02 -3.658287789850801774e-02 -1.073046565418998323e-02 3.926766851969095556e-02 9.123652616049149344e-02 7.913713955147260934e-03 -3.471560614237306774e-02 -3.155023623526354015e-02 -3.804839051442393538e-02 1.233494378165751748e-02 1.211698161830569026e-02 -4.884804923010117178e-02
-1.729533399123592829e-01 4.492091178358204213e-03 -5.670290155881305832e-02 -3.666946034698211759e-02 -9.593273884118122541e-02 6.767168482586480294e-02 2.463492525710742065e-01 -1.536027216133265287e-03 5.487241901189522653e-02 4.676251822866695114e-03 -1.145150618938703263e-01 4.768892219816480565e-02 3.620259041405176487e-02 -4.363801713214546241e-01 4.761956498568358648e-02 4.591113951399630744e-02 -1.331639464569759485e-02 -1.669206758935564555e-02 1.119978545150501943e-02 -1.233004953117106117e-02
-1.729526104201879189e-01 4.588888084153393623e-03 -5.537651723438894585e-02 -3.308322211836503546e-02 -8.435761456353563226e-02 5.421641531241407769e-02 2.909161522365104058e-01 6.436355137810654756e-03 1.380802636348520997e-02 6.052551149626961974e-02 -2.222989500845217598e-02 1.966688184469987666e-02 2.113589829976505324e-02 2.617328915860580585e-01 -2.788797731736358462e-02 -3.459882518908698190e-02 2.344718470910528776e-02 -2.723005945273464512e-01 5.078266138587914785e-02 -1.130997839951222439e-01
1.112936830018383949e-01 -2.966939349701563922e-01 -1.592564615221927701e-02 1.556932626697732011e-02 -5.515193998899005356e-02 -1.170474018259835686e-01 8.258150739642146701e-03 5.009227293604126552e-02 4.593302104239579270e-02 6.276012008018905242e-02 -4.825631587741503400e-03 -4.131574115446070422e-02 4.285310665545255526e-02 2.191890626798839552e-03 -7.884191660732507712e-02 3.417267753114874851e-02 -5.749691246644773879e-02 4.344817130650018705e-02 2.208905201295931556e-02 -1.521984517443503437e-01
-1.729500946455286570e-01 4.694710654681962664e-03 -5.088420705650922166e-02 -2.997281882589272750e-02 -7.229258566470510294e-02 6.552054442667465915e-03 -2.635211988886315138e-01 1.517286339473179410e-02 4.666420541850058862e-02 -4.965409933470121134e-02 -1.560552771526129388e-02 -1.958534741224907116e-02 -2.810092789404268487e-02 3.094049690726149299e-02 4.318206413172655592e-03 -1.085675222357939014e-02 2.231376978802977751e-02 5.077590141259287482e-02 -2.414826072998148016e-03 -1.227721806304327493e-02
-1.729501899876798310e-01 4.689942521944547374e-03 -5.126426438453376283e-02 -3.010826939465713337e-02 -7.371696984153439103e-02 1.018657945270863563e-02 -2.320851701770343112e-01 1.435679591519966984e-02 4.431597781128294999e-02 -4.294567981650509320e-02 -2.185806996363206384e-02 -9.537824349310249430e-03 -2.495474771221807900e-02 7.888020551771806124e-03 2.802675121496086977e-04 2.909972694681719693e-02 -8.711991142824497547e-03 4.389455234827809027e-02 7.302033774039179415e-03 7.374989057010294946e-02
-1.729496939997735849e-01 4.708012900628701092e-03 -5.047482345541191850e-02 -2.870942449695104703e-02 -6.876614717830420442e-02 6.183983055055602973e-03 -2.428316480295095448e-01 1.462077737091475697e-02 3.980871361222122068e-02 -4.121501476435993766e-02 -1.118967699926010431e-02 -1.017036101753130035e-02 -2.176505581251790555e-02 4.238790385954214861e-03 1.235653139237156495e-03 4.091947722405612359e-02 -1.755313704010990489e-02 4.574761129180377611e-02 9.527519160665760128e-03 8.499020903974610630e-02
-1.729502126004159313e-01 4.687557862559811953e-03 -5.132729954164502728e-02 -2.955581607544738310e-02 -7.117412047332100089e-02 1.376771832513365608e-02 -1.617519457779633407e-01 1.336542121876749256e-02 4.029132497140475166e-02 -3.069546711234096698e-02 -1.511242989674917332e-02 -1.082316942884269800e-02 -1.404536787450640263e-02 1.660216295313707985e-02 -2.389198016525765928e-03 1.656898731389876145e-02 -6.563264374881698678e-03 2.766610507265083174e-01 -1.715323127047892540e-02 1.572191804244426339e-01
-1.729515448646067044e-01 4.619070349361069881e-03 -5.353529473335531114e-02 -3.264838630983717127e-02 -8.149799278653648005e-02 3.228579921271029080e-02 -2.677280252637099026e-02 9.309833056365655196e-03 4.859236703981595351e-02 -2.099040191590802532e-02 -4.678246256132961856e-02 -3.684902964829863997e-04 -1.690962130678399589e-03 -6.342456808850892302e-02 3.687769600179627381e-03 -1.460699969889225382e-02 1.473430617527466367e-02 4.556702616939968253e-01 -4.261697013041500226e-02 1.728078595121176064e-01
-1.729497484063287627e-01 4.702901133339044450e-03 -5.052073119652119443e-02 -2.970827949602971793e-02 -7.337426549211262250e-02 4.317818360038323117e-03 -3.071620776803967168e-01 1.493459758644090363e-02 4.311649238440200954e-02 -4.985449029086860828e-02 -2.445538601162582440e-02 -2.822135013735837042e-03 -3.147945221564289048e-02 6.414158084405132722e-03 4.616781436777087078e-03 3.282098491849477773e-02 -5.134684860263817900e-04 -2.810506986939280694e-01 3.932216378287532038e-02 -9.099709697595168012e-02
-1.729492797163644235e-01 4.708732456729094844e-03 -4.971284998684970258e-02 -2.882851413572258201e-02 -7.094825194930154399e-02 2.761968509444503138e-03 -3.059148461437252164e-01 1.386267657908856789e-02 3.696830153683007547e-02 -4.195969788004606793e-02 -2.221408008498204287e-02 4.781861390742495749e-03 -2.415451804849072862e-02 7.404841706910785665e-03 8.754978492399550019e-03 1.277633739902034153e-02 1.526374853392437926e-02 -2.311755024875065678e-01 2.800731983337098607e-02 -1.048021213609044294e-01
-1.729519848958153139e-01 4.621203759873107088e-03 -5.409452817261258678e-02 -3.290655262082331500e-02 -8.168758651517375735e-02 3.687355756816558527e-02 7.331153522806836687e-02 1.007530904470661445e-02 3.918769956566441059e-02 6.144108424553961119e-03 -2.748076386485867259e-02 -1.051423984942831229e-02 3.204933477641156749e-03 1.572066338302466060e-01 -1.834967586696716751e-02 -9.445191505265686238e-02 6.277981941687499345e-02 4.774768911051183173e-01 -4.709110310644392533e-02 6.936277506550517225e-02
-1.729519067114351494e-01 4.629838567774674334e-03 -5.329731220250476242e-02 -3.208348255496808882e-02 -7.548934172989509028e-02 3.051519644441238674e-02 5.718496996811037181e-02 1.189188301207124224e-02 3.845723235183207134e-02 1.340665714241777700e-03 2.704523701450464680e-04 -3.645097816110490913e-02 -4.339528333584592615e-04 2.356322450358597220e-01 -9.843266127889473138e-03 -1.443964304372110929e-01 1.000970182922361895e-01 2.017568434990341941e-01 -2.379329010041814768e-02 -1.338681413060814063e-01
1.232914207392385303e-01 -1.484112678401115493e-01 -4.441866333283743529e-02 -3.823179387282731045e-02 -6.294213567970712020e-02 -1.783866593005775103e-01 2.933322730225197336e-02 2.731599839925883400e-01 -1.361633545233436986e-02 -6.557168672615758254e-02 -2.164404803988665901e-02 4.853939776246717075e-02 6.342002765334095460e-02 1.427277853536300899e-02 1.064960004228076712e-01 8.606382078645802639e-03 8.120592994474319648e-02 -1.643365878697325769e-02 8.143515033022274627e-03 1.321716936426892974e-01
1.164817194119138061e-01 -2.523806811823435803e-01 -2.959044278979529666e-02 1.336613731379308412e-03 -8.202359890627299033e-02 -2.266965976597987154e-01 3.213362785036345814e-02 3.057926909448680508e-01 -4.080215479173967749e-03 -7.074218735736359509e-02 -2.032232674335799835e-02 6.684003607254572488e-02 9.898590879488151917e-02 8.574138468631451598e-03 2.990103990428348568e-02 -5.624269610003020808e-02 1.045909628549289254e-02 -1.389074237248444886e-02 1.336563743367086450e-02 8.065708872552938835e-02
-3.682342303638692221e-02 4.966838060139529970e-02 5.507763791242535623e-02 6.238737027608552699e-02 2.999199692475558177e-01 -1.202561685888404730e-01 2.770945606916765114e-02 2.775806306482117569e-02 1.409189729160273408e-01 -5.755974875647227977e-03 -1.959334627268086437e-01 8.985740168420236484e-02 -7.464111525004332726e-02 5.577304100994402020e-02 -8.895819507990307407e-02 1.086206641620500457e-01 -4.148333376806216666e-02 4.771031215391609293e-02 3.705626051642371688e-02 -3.284784812517443919e-02
-1.729534539571958018e-01 4.472371600017011062e-03 -5.688725444125271313e-02 -3.693598966506666387e-02 -9.661178638483731984e-02 7.052994122354834527e-02 2.579995446232187795e-01 -2.827881806781320975e-03 5.657426568321447663e-02 1.602583656140772446e-03 -1.197192578224445386e-01 5.077749249806710191e-02 3.846534177582061620e-02 -4.776965629847670369e-01 5.269372090431773820e-02 4.951541518475103404e-02 -1.305290721429467476e-02 -1.755132463214364308e-02 9.429333323349222210e-03 -1.288956227812442130e-02
1.170783981190679363e-01 -2.423512551869968779e-01 -3.106595572380722522e-02 -2.538831064696463104e-03 -8.132256792257065714e-02 -2.278033192560795506e-01 3.303440181652956414e-02 3.163730450465242483e-01 -7.723129530552945779e-03 -7.743500090238930600e-02 -2.173688751085778650e-02 7.279743548032560629e-02 9.880817625770942081e-02 9.616677019288673647e-03 4.945908482050197924e-02 -6.123699258849908678e-02 2.766253137714545784e-02 -2.334035575215120950e-02 1.112079747990583727e-02 1.287392094541962573e-01
-1.729532291415339373e-01 4.450489063059425050e-03 -5.644580646237767896e-02 -3.581002200943596281e-02 -9.211090259211743292e-02 6.948587308217087088e-02 2.546347452281154666e-01 -2.866817499827967880e-03 4.668673368611118979e-02 3.101070837002550210e-03 -9.291857307677353628e-02 4.454073200550827394e-02 3.272672550389943424e-02 -3.044586075161337946e-01 3.431635091488154099e-02 3.157053674232040280e-02 -4.419260862249405281e-04 -6.136242768039007478e-02 1.397195183068039234e-02 -1.033175664434884261e-02
