6.648296119306135177e-02 1.411804737775830820e-01 -2.506484688740566735e-01 1.349303296251991302e-01 1.924201709878153865e-01 7.242371568832706163e-02 -1.887700333537643826e-01 -2.662436652164371087e-01 -8.794934968403797515e-02 -1.327941449978235489e-01 -3.203753698029954133e-01 8.198575806429386770e-02 2.042262428960751885e-01 1.974033768190197047e-01 6.631960469071068558e-03 2.051958043128240539e-01 -4.370156167188787855e-01 -3.663633496191563872e-03 9.586382412444779955e-02 -4.220337767287682396e-01
2.009443721434077401e-01 2.053842586522769409e-01 3.217486565574092516e-01 -2.231943850962133935e-01 1.209379616272225622e-01 2.012053262620702165e-01 -7.083720258489137334e-02 -2.174955844925871573e-01 1.838362678282712825e-01 1.033861299119294072e-02 4.053382075589855305e-01 2.709662949424703204e-01 -7.560841284734204359e-02 1.097536014851347580e-01 -8.788698616398261595e-03 1.043424513077517019e-01 -1.619486262989384973e-01 -1.154484237356527554e-01 -1.919370523386777216e-01 -4.285653010228411275e-01
2.390187910220850087e-01 -2.898758137871076945e-01 1.329723321929891511e-01 1.327702375106986077e-01 2.133995057033712950e-01 1.458394832013529818e-01 2.079213423139194272e-01 -1.509872712478216861e-01 -1.283328972664388168e-01 -2.988772194282486305e-01 1.268261329211245181e-01 3.864969366312947519e-01 -1.314332804051147607e-01 9.415408549512843672e-02 -1.181779758379716827e-01 -3.293585634531721595e-01 -5.027211043916577499e-02 2.225135658926951643e-01 -1.023562923555676185e-01 -1.797137637031382129e-01
-6.461649708350962473e-02 1.583670132175922229e-01 2.523668840198525221e-01 3.656180456096462805e-01 2.918831885096340728e-01 3.037737117819788030e-02 -4.862645807399230968e-02 2.000653347002204208e-01 4.028550452724354303e-01 -1.105614378868715331e-01 7.287296964790828356e-03 -1.393225499032670622e-01 -1.909828506259232950e-01 3.237975654346261223e-01 -3.497551325253986931e-01 1.115024669932114521e-01 -6.964211842944691144e-02 -6.056987856683090921e-02 1.301688921641673269e-01 -2.928566355847130875e-01
-4.418447720387775335e-01 8.961002851345865883e-02 2.586334085902256552e-01 -7.916443440432334444e-02 5.941111244499310690e-02 -3.306977250686055081e-01 6.278820039943881770e-02 -1.305199583716932787e-01 1.429371625612605168e-01 2.024202155952113114e-01 -4.094309536336207533e-01 2.509673321978258542e-01 2.109020610424248987e-01 1.710182775065929028e-01 -8.991670592684050667e-02 -2.856713106710261352e-01 3.531339161118177833e-02 7.445768163769263259e-02 2.200005670373932631e-01 8.751967992063561241e-02
-1.814906985642494031e-01 2.097245491440556109e-01 -3.463111646193938742e-01 7.791105645000412361e-02 6.472268784132181874e-02 -1.458776711618705035e-01 2.227948349856795074e-01 4.931836791188361907e-02 -1.896613110828533275e-02 -3.509889058792523553e-01 3.091185919808715488e-01 -4.258136357434106345e-01 -9.915485258061852714e-02 6.623021526037177475e-02 -5.071848842795063234e-02 -4.122262033012922405e-02 -9.177456670038439124e-02 1.070079265720336875e-02 -4.740003732963558869e-02 7.002476182433550744e-02
-3.539821895142060137e-01 -3.363546119624791220e-02 -2.995115329504501878e-01 -1.617892544999036120e-02 -1.036857706524356298e-01 -1.078575464727521555e-01 -2.945841820712478271e-02 6.122761266084288112e-02 -8.971176403542169275e-02 -4.450902774588845756e-01 1.524553322249606879e-01 -2.787847753257712835e-01 1.155213118959202145e-01 2.473066007005041145e-01 1.428060595324954218e-01 -1.525099393547075244e-01 -5.323952390771974352e-02 3.024080377373127015e-02 -1.304509017114575398e-01 1.900152841336633092e-02
2.298153117934913225e-01 2.461016882176260134e-01 1.247679162755405656e-02 -2.771263255869496067e-01 8.976870190496337443e-02 2.169989873254380142e-01 -1.185018821848499715e-01 -1.227708199537922290e-01 9.304558871384621677e-02 -3.233703955783799877e-01 -3.011706801564686398e-01 7.953638112651341407e-02 -1.325276291923098704e-01 -1.819477555306367733e-01 9.117402636327104348e-02 -2.925083570831180646e-01 -1.413387571668806297e-01 -1.496550725161034379e-01 -4.198179089302438854e-02 2.807354181045043084e-01
-2.468577326813777006e-01 -8.606424723310221458e-02 1.028918674474990774e-01 1.698462453602498090e-01 4.004520538335049062e-02 -2.247470187210333925e-01 2.528568343615444358e-01 7.444455795185775382e-02 2.492922827351457260e-01 -1.518058213528293288e-01 1.944883463943848367e-01 3.813412901310765379e-01 2.939058034017447696e-01 -1.763159169872110243e-01 -2.073417683369712383e-01 -2.035046412560489459e-01 -3.202325508544920929e-01 -8.006512855662427375e-02 -1.136813213550666099e-02 -2.271628009994960395e-01
-1.375088074840020158e-01 1.914752179379572983e-01 -2.472648360600070705e-01 3.085561044410986293e-03 2.892867619079842606e-02 -1.976065979247055293e-01 1.971028362458133731e-01 -2.283795621231380080e-01 2.549125229404238246e-01 -3.438327153846812423e-01 9.329455265418097609e-02 7.986031937743723330e-02 3.103961889958513267e-03 4.783117035813251317e-01 1.001286215613656078e-01 8.752952903422400732e-02 1.014001376500276580e-01 -1.005175784751870388e-01 7.538794633765083519e-02 2.729211750420262872e-01
3.114804761271984350e-03 8.187912151574913699e-02 -2.118502740407287969e-03 -2.629802283895764647e-01 4.764581288325527714e-02 -6.202586865454413900e-02 1.322296080723959523e-02 -1.804926978975807950e-01 -2.265488310152014018e-01 1.465680573594601785e-02 2.803794137157343824e-01 -3.837249484334069871e-01 -1.550588143202639990e-01 3.248313911350812488e-01 1.485113451621087877e-01 -6.992655532044944611e-02 2.133919938198021726e-01 -1.507995113773998204e-02 -2.478574313401504248e-01 2.470915655581277237e-01
-1.163359404894295651e-01 1.676619460870510531e-02 -2.011262421292338010e-01 -1.245720392644455304e-01 -1.951482242835983136e-02 -3.624884585666449111e-02 1.358745004973860304e-01 1.587706781490615393e-01 1.657321011662044319e-01 -1.037224628805434312e-01 2.996812984566675220e-01 -1.961791106615206892e-01 -4.516896007812993413e-02 2.389818947138507010e-01 -2.361645405507657378e-02 -3.853310321057544230e-01 9.093357755159016745e-03 -1.425872456920787568e-01 -1.192102521975771656e-01 4.255185517772809844e-01
-1.661994733724214413e-01 -1.172078255810179853e-01 -3.206046766130066228e-01 -1.523690817128431352e-01 -7.886164544892111661e-02 -7.516029155221069097e-03 6.675397795364292064e-02 1.888992554330748697e-01 -1.021543413834524322e-01 -9.720781883485515862e-02 2.192926510425560471e-01 -3.453615540315735921e-01 -1.238514708812901849e-01 1.386835361555827095e-01 -1.399242179509173900e-01 -3.019483006221845844e-01 1.573761133299272363e-01 1.233088332156785372e-01 -1.046196998273857953e-01 2.650306899023828211e-01
3.138625258464389917e-02 -1.284241839070122959e-01 -1.087865022984489394e-01 9.213089463422316494e-02 3.124353009311375828e-01 1.140647985161194616e-01 1.328465791579966360e-01 -1.746439067267621104e-01 -1.329427598597590909e-01 8.275775490114725685e-02 -1.217041275539361977e-01 -2.041158300986514740e-01 -2.042677163068480906e-01 -2.877103537695597235e-01 1.688789497879864265e-01 5.788196825827411629e-02 2.441520444008252189e-01 -4.187207160517374821e-02 -2.336862306366025988e-01 -4.235501218237133214e-01
1.452054384281043220e-01 3.366491901353240168e-01 1.324911839165723304e-01 -1.852838399105144751e-01 1.049169634154908798e-01 5.981994161598979884e-03 2.451224738724522290e-01 -6.671111476709251642e-02 -2.170735006159277003e-01 -1.306659036865941703e-01 -1.683045759266013630e-01 -1.636171698813051467e-01 -2.972843023039379862e-01 -3.645335619061520344e-02 -1.341499113406985633e-01 2.123995060208229702e-01 1.062990382304014603e-01 4.348295985107162864e-01 5.756814629453487625e-02 -2.554826157854301893e-01
2.908570105643227752e-03 -1.998343026284921664e-01 2.437277772969624334e-01 -2.721800724202499411e-01 1.803462949063475984e-01 -3.536280757953115250e-01 -3.433392026199793001e-01 9.060537341917940593e-03 1.491910511099028558e-01 -1.037715410465228916e-01 2.150926232881069655e-01 1.376217428200066373e-01 -2.327171595629735912e-01 -7.836304397692689383e-02 9.440407955303821430e-02 2.505664821923909713e-01 1.660543393343489327e-01 -9.914547610889860862e-02 -1.332828194068479688e-01 -2.312851387081695520e-01
-2.154497993233515374e-01 1.748266916189160636e-01 2.594322364173127227e-01 -1.825582661050099420e-01 5.482139832149555275e-02 2.597079969226167573e-01 2.944161063862930083e-01 1.637823715748105147e-01 -1.647641010633754954e-01 2.560411863904155094e-01 1.206388176828379344e-01 2.207293854786345211e-01 2.216924283375844573e-01 2.889111657452962389e-01 -4.342432648412531543e-02 -9.598658415195098284e-03 -2.957981801700957369e-01 3.377558904736113754e-01 -2.599862906477342639e-01 7.109872763583942323e-02
-2.250795475817687352e-01 5.573283793276010561e-02 -3.290208173347472509e-01 -1.100548290607916702e-01 7.672864801514839295e-02 3.667073794131842090e-01 -6.428841482729873158e-02 -1.858874885910169195e-01 1.424053709452766658e-01 -1.667590160749473360e-01 1.668254795288983128e-01 -5.883668869044503952e-02 7.478961035544828828e-02 -1.958695022947353204e-01 -3.529134305779326602e-02 -2.871652809211968083e-01 1.984778799143772920e-01 -1.157833278388616938e-01 9.485787248749427691e-02 1.240078627034045273e-03
-3.113714118588811197e-01 1.951745553601410554e-01 -8.968248098029389659e-02 -5.603418693002528393e-03 2.998282108710397798e-01 3.373353420767197242e-02 -3.005610655359237104e-01 1.355565337292359285e-01 1.842641706827286285e-01 -1.082135090145774081e-01 2.148020955769638918e-01 -2.152179398091710882e-01 -1.181987840393280975e-01 2.019897542811423530e-01 1.428204663861786516e-01 2.080963505256308577e-01 1.023761737886732803e-01 1.377411384552855445e-01 -3.564979093555924183e-02 3.413289942162924806e-01
-1.636532426063090906e-01 -3.160635034419082556e-01 1.323829048672909570e-01 1.534133263186750751e-01 -1.125830720775658489e-01 -4.352282741942015143e-02 -1.653993065492029568e-01 3.091259060080032810e-03 4.574941625795538036e-02 -1.254041772099524499e-01 -2.306538350007934501e-01 -1.353977112729814192e-01 -2.690279498087486121e-01 -4.258879130711727967e-01 -1.068649043180724678e-01 -7.565101516504828261e-02 6.151353675726394660e-02 2.383345031429282695e-02 -2.752890313425170876e-01 -1.478350840963059132e-01
-1.310135254906761859e-01 -2.262915602796093661e-01 1.491822318026022054e-01 -3.489787242852964710e-01 -1.050188064685437517e-01 1.549778332080900545e-01 -8.765330222269676619e-02 -1.076859884812570861e-01 -2.001775387387390581e-01 1.900502679181866883e-01 -3.396674483751629392e-01 1.176628520862668115e-01 -1.333110446054705522e-01 2.874927847699497718e-01 -1.236092538284703640e-01 -3.142142396577655150e-01 1.174832713662492811e-01 -1.212856604638479219e-01 -2.276870634356544312e-02 -3.015058723893749293e-01
-1.149175384823125368e-01 3.355023927109943016e-02 1.912280736476038301e-01 -1.245352287701545768e-01 -1.020927951063152206e-01 6.468193099201215157e-02 -9.191906696498930440e-02 -7.699306979015833885e-02 1.838124397375217045e-01 1.385025625439049723e-01 2.578962659961780424e-01 1.840569171272582738e-01 -3.735702293818499720e-01 1.535921214975531357e-01 -1.100461344181094259e-01 5.287663721569423048e-02 2.881436257196684503e-01 2.540051286010570064e-01 3.638284091324266445e-01 2.290221814058184813e-01
2.455757730134238703e-01 6.467905057625056991e-03 1.319366376444682243e-01 -5.000000000000000000e-01 4.678485970696300705e-02 -4.030270782299725796e-01 -2.514603523456362955e-01 8.391784902555884940e-02 -4.772052799779246540e-02 -9.178350517484076820e-02 1.516316892730173449e-01 -3.952116978634422767e-02 1.963660612560166885e-01 9.532452831784107850e-02 -2.226408991839066709e-01 8.457989288616804546e-02 1.101459146166923891e-01 -1.217029984435215872e-01 5.863729775636759844e-02 -1.960510689124034811e-01
-3.281253124650846398e-01 6.501912149062706592e-02 -3.202394572959820773e-01 -7.132864267604471786e-02 4.661287098913331067e-02 2.989997703874027746e-01 -1.305609322031426878e-01 -2.508309541878642190e-01 -8.622774412218070506e-02 3.978122649803713523e-02 -3.786374463727721056e-03 1.153257847945332419e-02 -1.753926098759171492e-01 -3.780877091115028912e-03 1.534700137259927821e-01 -1.545084435587966432e-01 -1.127139147877306569e-01 -1.610361111275834811e-01 -2.338449714401913682e-01 2.391728157969180979e-01
1.631587150147478238e-01 -3.965393650993907088e-02 -9.640403166621572262e-02 3.359463945539874485e-01 -1.876091619402010247e-01 -2.166652000667703415e-01 -1.474125590304126154e-01 -1.751101201069354962e-01 2.911537457262783346e-01 -2.144754928033335839e-01 3.412222806284207627e-02 3.036414479164847857e-02 2.170518649685426738e-01 8.865022321621671142e-02 -2.874394299598901359e-01 -9.413758315633294349e-02 2.431126896062401344e-01 3.838150084634070480e-01 1.297114399378778982e-01 -3.348743427951635376e-01
1.546404759103550686e-01 -1.081431713494629410e-01 2.122246179042636405e-01 -6.458200603510429183e-02 3.625038221711343600e-01 -3.368003374914133596e-01 2.052063992757047206e-01 -1.226431056152294530e-01 3.028721075007518859e-01 -3.955623387071031255e-02 -3.812718239992196612e-01 4.465553718662727128e-02 -3.343122739699981583e-02 -4.941959553957665091e-02 1.089148685465243099e-01 2.760410017874138089e-01 -3.053782822100480354e-01 -5.772406753645523830e-02 1.925366719917017411e-01 2.295589882258544379e-01
-7.134773487641471977e-03 3.915145216442645903e-01 2.977442854563404073e-01 9.685759461964163486e-02 -2.765246560249192687e-01 -5.574212024101071750e-02 -2.783020101388006817e-01 -8.943640364202987136e-02 2.041696252602342720e-01 -5.956074811133011890e-03 5.701965225907285745e-02 -2.419627371884646161e-01 -3.792078848860186424e-02 -2.172769868550304129e-01 -2.054561865774345297e-01 -2.391023244513808266e-01 -2.965273663361921996e-01 -3.598188715591794928e-02 -4.816988167884105054e-02 4.212423290444445440e-02
3.808057190048066282e-02 -1.148975718013623831e-01 -3.091220318354789276e-01 -1.016431473669671265e-01 1.709909427700752327e-01 1.686790966549870374e-01 -5.491444377982825781e-02 -8.797145198316830284e-02 2.412945304667847013e-01 -2.356996534758185602e-01 3.881245755047670748e-02 2.236919675384736184e-01 1.567712999884714464e-01 -1.153003560236479617e-02 -4.622625790531464246e-02 8.935201986319886436e-02 3.465108045767317235e-01 -3.405122576072432961e-01 -6.072424774023508359e-02 2.585411680813203272e-01
2.218522362593002839e-01 -1.412070270554540430e-01 2.382297043877992793e-01 6.676420188347215179e-02 -2.387945217372466067e-01 2.028427600894653904e-01 2.644070827980423560e-02 -4.670146806434057329e-01 4.261018908977156072e-01 -1.247817301051746403e-01 -1.110848935842823210e-01 -1.783984606378326843e-01 2.693606861633542349e-01 -9.777888352870740818e-02 -2.489852572165804703e-02 6.128611396054645805e-02 1.156446463086632792e-01 -6.843510502403588047e-02 -5.061026999379300388e-03 1.210702075904287883e-01
1.500923607492140044e-01 6.569048201598143288e-02 -3.817544919654203839e-01 -4.642546385373700485e-02 4.151996367342151995e-02 1.787588898612222088e-01 -9.591591002273895661e-02 9.591611019723246534e-02 3.515560485380516548e-02 -2.924205390124423598e-01 -1.625214746140452582e-01 -1.186395834535337174e-02 -1.947596646668992848e-01 2.253708367310154337e-01 8.672529972166652390e-02 8.531493433291076345e-02 4.012359446206915092e-01 -2.026201189841398964e-01 -2.470238322883048718e-02 1.009495080724325533e-01
4.628674239967164872e-02 3.591844887984871892e-01 -2.427610866393725350e-02 1.336006279540325782e-02 1.193471767482538227e-02 2.873192904370913126e-01 -2.234734392902218078e-02 -6.463451152108384834e-02 4.965600227095439551e-02 -1.134689512887951252e-01 1.363168831041241258e-01 -1.592029536952838664e-01 2.293757770111686661e-02 -3.230654332011033691e-01 9.349882762433703309e-02 2.938464418958687263e-01 2.371330355920567012e-01 3.043382922147006564e-01 -2.791061393427923809e-01 -2.434526908269992740e-01
2.501022174141491750e-01 1.874935138397763601e-01 1.780973828021087946e-01 1.812852181776588578e-01 3.150246928101170796e-01 6.174901995390391640e-02 -1.678791377414180774e-01 1.852229639523015059e-01 -1.121858506865906768e-01 -4.006535512184935394e-03 -4.110962379961399238e-01 -1.849573701534545644e-01 3.024785276433862857e-01 2.621470794648388947e-01 -2.268415186898586622e-01 -1.458939513979939373e-01 -4.678980536598219969e-02 1.819055036025942207e-01 -4.080751857631920859e-02 2.852779491965830028e-01
-3.255897854672760300e-02 -4.244622104432765330e-01 -6.919511487469047484e-02 -4.990164526519288990e-02 3.771732706050880402e-01 3.918081968253063208e-01 5.130071441003364319e-02 1.107825010114648068e-01 4.395759738162153818e-01 6.809683811510598705e-02 2.370178201455923339e-01 -6.569571759539512279e-02 -1.624320983270992336e-01 1.949679925692644755e-01 3.238246005011759417e-03 2.864568606520702734e-02 9.265954974101456298e-02 6.280366375417008318e-02 3.010453002129345745e-02 1.121371008124770891e-01
-2.712974807403958910e-01 3.810716234803894487e-02 -8.220677027133151127e-02 -3.561247182510852149e-01 1.773778416516608170e-02 2.614860562149944334e-01 2.662665461869416217e-01 3.037353691958804558e-01 1.936960095365592993e-01 -1.471652242502404125e-02 -1.125993512687314402e-01 -5.259141020470309291e-02 -1.063647485385392916e-01 -1.557330410728417942e-02 -2.096746498980456563e-01 3.398400018588769167e-01 -4.095759115862814687e-02 -2.013424998725222292e-01 -7.458962812346771332e-02 2.755659246752487079e-01
-6.682635559099854572e-02 2.100710108913048796e-02 -2.884332681280614152e-01 2.614831331425030991e-01 5.719268211614791930e-02 -3.319150733338228076e-01 -6.672261996198462775e-02 2.288490208692247618e-01 1.591242828265210796e-01 3.125074014770846953e-02 -1.908971472490014754e-01 3.257013175578615249e-01 6.349546081486989735e-02 2.795170040870642025e-01 2.722933775244534838e-01 -7.983616041519846218e-02 6.700747116492054845e-02 1.919479911499409885e-01 -3.062980023931623497e-01 -2.505356565748381170e-01
2.177466290906727997e-01 -5.673428198792127702e-02 -1.179526163630233160e-02 -2.060275131624431100e-01 -5.087199106389572734e-02 3.488740151712058646e-01 1.514256738421185244e-01 2.044654446719729735e-01 -1.490220615787079539e-01 8.780225044709553950e-02 1.094714477325049590e-01 -1.249030616300940005e-01 6.748786716358899651e-02 -1.758710168236206628e-01 2.999460853881141809e-03 -5.397235708019601508e-02 3.450340295892113662e-01 1.706848979350321024e-02 2.640945465158939798e-01 -3.017301304101099868e-01
3.208183819564494610e-01 1.471894419718702274e-01 -7.439709594326804343e-02 6.924627589317765286e-02 1.872124962862127540e-01 1.882733216963742295e-01 2.100056822202805984e-01 -1.142255113753403058e-02 5.718732802981372348e-02 9.885186012029012481e-02 1.989045392878935892e-01 -9.511536117773101984e-02 3.531956978142787307e-01 1.104547166883798962e-02 3.644901108643577858e-01 -2.668986216544042001e-02 1.342071419158558931e-01 -2.764387719838845014e-01 2.212504416848191657e-01 -1.905726650318752269e-01
1.040482379044262509e-02 -1.032134581354439071e-02 5.457700469654015035e-02 -4.035675913953483129e-01 1.397716782881748832e-01 -2.613233852786638889e-01 -3.080709815496308623e-01 -2.177748033394279470e-01 -1.947847501127827341e-01 3.532153108309080136e-02 2.055397901787603954e-01 -4.760835423308039382e-02 -2.892185267117945019e-02 -2.487010623211415028e-01 -3.043887538880296062e-01 6.371816870031460356e-02 -7.827449085915898219e-02 -6.596006404464951900e-02 2.824778592976834313e-01 -3.185350555189093470e-03
-1.801124251840736656e-01 -9.938199977745235114e-02 -3.721320058290536470e-01 -1.001993663736557016e-01 3.102542232558722080e-01 2.244700584652213060e-01 1.476535903249554527e-01 1.960585127458197852e-01 1.083922352702804542e-01 -3.678306177996425869e-02 -2.594701838627523904e-01 1.065918426154516402e-01 -2.067216287431703770e-01 -8.662807811227565824e-02 -1.310942182774043063e-01 -3.879453064568075260e-02 -8.492490815507455770e-02 3.040665801195830964e-01 2.562869835599291268e-01 1.102539233921358795e-02
-2.207164767740821265e-01 1.976806474224355459e-01 -1.744542862839500164e-01 1.842118772480304534e-01 -4.069146347621876436e-01 5.007244788989825834e-02 1.605531991192380437e-01 -2.197347011814994588e-01 5.216014215204168442e-02 -4.111067886691260193e-02 -6.507893775272240167e-02 2.450937445129997838e-01 -3.734469251999799622e-01 -1.070160922871748743e-01 -8.448892488010098512e-02 1.361040806751037946e-01 -8.258067956374033625e-02 -8.850674555649659658e-02 -2.850338556199828385e-02 -5.514477852374449762e-02
-2.444597663739777327e-01 1.647682090523524406e-02 4.832015706404172578e-02 -6.356362307044620408e-02 -2.142123113778417794e-03 -4.145535124958039663e-01 3.432042500663805562e-01 -4.073960821591677411e-02 -4.090136525878333706e-02 2.988796319956796288e-01 7.789161527521321071e-02 -3.346882918558772291e-01 6.603345686026547423e-02 1.038165546615201773e-01 -1.313410414385605685e-01 3.488614386321592931e-01 1.862036195811052064e-01 4.945450293506797879e-02 -1.007438306923473387e-01 1.094159110422024267e-01
1.866499290595754201e-01 2.176420494978176801e-01 8.714803228189456352e-02 4.402037052228719750e-03 -2.923234489906961220e-01 8.026914452462541316e-02 -1.217051652780005572e-01 2.170104341490857458e-01 -2.357719362066927615e-01 7.025462653205892527e-02 6.702424095248978031e-02 4.207441219671940735e-01 -1.155746211883703495e-01 3.522410763325489191e-01 -2.395470072081722634e-01 -9.985118575888188297e-02 2.998750147065802341e-01 2.493078854650906950e-02 7.137651571275384701e-03 -8.195521384549875332e-03
1.378761938396955988e-01 1.874019901015434864e-01 1.132058999766272223e-01 7.584464275779800868e-02 2.694509951919870638e-01 1.109796421323191867e-01 -4.775063725084398303e-02 -4.292153406290932782e-01 7.167415633442993095e-02 2.444358573718510008e-01 -2.440943082287221344e-01 2.398163967239067829e-01 6.636133852431348734e-02 1.402912240721918835e-01 3.478492108440432995e-01 2.215171172201860911e-02 3.452171243375685150e-01 1.678917565734497075e-01 -1.658390404661308215e-01 1.278487219647452822e-01
2.526405540906124791e-01 1.228673835742608439e-01 -5.320981304772769843e-02 -3.697255863431413436e-01 -7.708500456861146211e-02 -2.675915891894133924e-01 -1.264111349051131039e-01 -2.054644786558360581e-01 1.215786469722146407e-01 2.210975782765591813e-01 -1.714412760834908844e-01 -2.164480881506305188e-01 -1.388742214721526980e-01 -5.005928761349756444e-03 -2.925421156160260550e-01 1.147251138895811484e-01 -6.685036604488897409e-03 -2.653921218584916475e-01 2.975009815964844706e-01 -9.378014659708348855e-02
-1.813837347392517618e-01 2.413904195351218307e-01 3.663134083718788125e-01 2.112504961259883407e-01 8.113334521985771097e-02 7.670846119209910607e-02 3.383515194449525088e-01 -7.774176156512858926e-02 1.097233815041097349e-01 2.214553750393671583e-01 -1.295325442604906320e-02 2.969961522026979828e-01 -2.144102123835147367e-01 -1.061264525289272731e-01 -1.709371154263894521e-01 1.020298494248542825e-01 2.730119153333658844e-01 -2.095198043276862987e-01 -2.970852010411810240e-01 -1.327893720324378919e-02
2.562075086620568265e-01 -1.889065375978067063e-01 2.785272942792820228e-01 -1.627922836888097413e-01 -1.766799685257925967e-01 -1.548786226649461958e-02 4.168953682190649213e-01 2.838085140633487269e-01 4.553000749778061268e-02 -1.166975566572538980e-01 -7.877225816402808056e-02 -5.879900126796978876e-02 -1.458212087642076493e-01 -1.450690308630582237e-01 2.954291209529439910e-01 -1.942896195099056700e-01 -1.355019468332231969e-01 -1.718064247881851414e-01 -2.648849660191159305e-01 8.394981417040982274e-02
3.862367942423396983e-01 -2.063018594974308853e-02 2.195013861179238510e-02 1.198325105758167447e-01 2.478159398173385708e-01 -2.867926261767571594e-01 2.922929944357756660e-01 5.196697999634639770e-02 -1.052785353982315236e-01 4.633324385450410254e-01 1.545215119057395114e-01 2.600030537059543762e-02 -1.303931159332733514e-01 -9.443257153175689533e-02 -1.464536453027984464e-01 -1.825425054590576468e-01 1.740594971648358469e-01 -3.941625880224757482e-03 -7.976666855805858436e-02 1.757177787784166834e-01
-5.529168700329224403e-03 2.284463275517193137e-01 -7.849337468145239916e-02 -1.431523281675542159e-01 7.062504644278516652e-02 2.179845564689037590e-02 -1.807469521269437496e-01 -3.322559733356216655e-02 4.155542910995011496e-01 2.625913414241616839e-01 2.444184770334613399e-02 -1.549283520952441928e-01 -1.016548335183394269e-01 -3.343716403384230373e-01 3.251436310073791414e-01 -2.378113277850710527e-01 -6.069736681368795989e-02 1.871253682523270345e-01 1.557288742307522678e-01 -3.234008478119129726e-02
2.283609622516279136e-02 1.563702991358517924e-01 3.943497107689953873e-01 -1.441127147837197586e-01 9.874715270741329931e-02 -4.586354510886896801e-02 3.347502455140456967e-01 1.532312307823293362e-01 3.313789961997850031e-01 -2.149603323307499314e-01 -2.563623716786994078e-01 -2.038712704920712590e-02 2.855396850635036343e-01 2.346644079106846026e-01 1.495066878031430513e-01 -1.209230795554596394e-01 2.260137257309402514e-01 2.793183277835201705e-01 -2.297931801579271571e-01 -1.736155732557477238e-01
2.225466873168801055e-02 -2.030377000189715064e-01 -1.632886548353222889e-01 1.582862100411965289e-01 7.735137213299116132e-02 -3.324950073784569970e-01 -1.054421868702152265e-01 -5.909035859150287007e-02 -4.077022160387627769e-01 1.645854699111514441e-01 1.186689377190660970e-02 2.406801485346687919e-01 -7.740634736741107413e-02 2.778421339934187273e-01 -3.548198337284746429e-01 1.833436416934171587e-01 -1.454414385801122978e-01 -1.035616120140426949e-01 9.102659941017013367e-02 -4.301756749867337824e-03
1.275270199085841438e-01 -7.808129356871881810e-02 2.502033569355625042e-01 3.496685322504889948e-01 1.180098396569791430e-01 -8.781170321572802362e-02 -5.968510652291237478e-02 -2.181428337664510220e-01 -1.294319355219936685e-01 1.670631506068152861e-01 3.195323594859738048e-01 9.192447261394677549e-02 1.754903853967906546e-01 2.351678037368527263e-01 -4.455144263246817171e-02 -2.080919817204285871e-01 -1.945581916269684408e-01 -2.391179106710110414e-01 -3.430439836258698527e-01 9.377779413507550399e-02
3.536474589493133203e-01 -1.725918149350606501e-01 -1.700880206623388569e-01 2.010746908905640118e-01 -2.254790262216679886e-01 2.080918435580093873e-01 2.461781975512625786e-01 2.637771395318280407e-02 -1.028507721945016440e-01 3.291632987120696741e-01 -5.481137462680949618e-03 -2.132756029917011187e-01 3.293070530848352107e-02 2.288130826069050688e-02 -2.609984389331325150e-01 3.945182752865059560e-03 -1.906854906824994311e-01 2.329151913354279013e-01 -2.360812931517516644e-01 -3.614033461857694279e-02
2.727252104071359925e-03 3.309608724338276575e-01 -2.266586014821922734e-01 -3.791681108317643267e-01 -6.372791460274258857e-02 1.122159678618319251e-01 -2.556060568261028787e-01 5.578146193337348707e-02 2.677586351328793413e-01 3.349116815357464638e-01 1.578350351245426109e-01 1.082845535217734079e-01 1.108919098514102135e-02 -1.354252641077891284e-01 1.668861566803181429e-01 -2.074142114352842403e-01 -1.712518608121572639e-01 -9.952012958158928946e-02 1.373344583306616157e-02 -1.178054805939351274e-01
-7.769526072721504029e-02 1.474544285479828737e-03 -8.061925900144104040e-02 -1.836611202162841822e-02 -2.075472194682506100e-01 -1.326082834862912507e-01 7.712317209799578188e-02 -2.228825738996612627e-01 -2.752209329991226472e-01 -2.229289579384899356e-02 -3.660625778968070176e-01 1.719846183104525583e-01 2.772544822001262177e-01 -2.977906150214755243e-01 1.071159420345335206e-01 1.152031385658060098e-01 2.109900418180678805e-01 1.262036401867373536e-01 -3.119600006049950136e-01 1.846506725884095590e-01
3.552387433455604371e-01 1.516561439444865100e-01 -7.136467425071130188e-02 3.773764051861664415e-01 2.634142315227658293e-01 4.785109581741962131e-02 9.811286914064551445e-02 -2.780345204275047055e-01 -8.046483372189913719e-02 2.017906500261276437e-01 2.479696198403758683e-02 1.522106615862338190e-02 -2.054294182084815401e-01 -7.916310138598327273e-02 -2.036067552357849475e-01 1.435120589187477980e-01 -1.170623998080403266e-01 5.720145098643863307e-02 -5.962222174502892352e-02 3.945597608622510299e-01
-1.799822137259554367e-01 1.319333188184905470e-01 3.228116446841063358e-01 1.054107620204731421e-01 3.426525301448061223e-01 7.648757156904982535e-02 -1.626225674839091861e-01 1.612832374430070159e-01 -4.226422398131367969e-02 3.875839164807300813e-02 -2.588375420706048868e-01 -3.224615784905773275e-01 5.000000000000000000e-01 -3.865129157184802461e-02 -1.916019267944991111e-01 -1.384422852621788047e-01 -3.326978971789774919e-02 2.424294180044520540e-03 -1.964619651410809964e-01 -2.997783486956809643e-02
1.562289106475711897e-01 -4.649459112927574467e-02 -1.183318248710150122e-01 -1.752381136646319615e-01 1.101244336665592183e-01 3.093826498269356962e-01 6.215283826144930163e-02 3.393570038003206890e-01 2.067332791221631327e-01 -1.996566966838053958e-01 -9.617301903218504477e-02 3.443543998624087887e-01 2.657264051635352398e-01 3.777389698687078773e-02 -2.857161978413994552e-01 3.384302868176290446e-01 -1.822127403986808225e-01 1.440884211452609920e-01 1.144188563479747317e-01 8.180368805852442082e-02
4.154387015291375858e-04 -2.790175657692327629e-02 8.663036242635317741e-02 6.761382513958637264e-02 -2.035394251592729520e-01 1.099743328041829782e-01 2.468236347898750127e-01 2.664452025731218754e-01 3.694420984339638614e-02 2.820358504421516255e-01 -5.638536561104354888e-02 -1.034782392283940117e-01 1.160257819775013938e-01 1.912541445205954704e-01 3.843877047954235571e-01 1.429410026152295732e-01 -3.843686240728730330e-02 -3.300185085370017646e-01 3.076840664779715850e-01 -1.004527461611108147e-01
1.909790901292274523e-01 -1.259969828866338848e-01 1.619322030386691480e-01 9.696032993577775871e-02 1.872390714850520610e-01 -2.366212250208248324e-01 -1.046859254167073622e-01 4.427231174985528026e-03 -2.722651444882998040e-01 -1.415497094685676249e-01 1.542849387630758906e-01 1.564401992156632670e-01 4.211766270706978482e-02 -3.427816110714023701e-01 -2.933741873296325312e-02 3.174504834582592833e-02 1.646547834842086722e-01 3.058360028719262491e-01 -3.400881493041254533e-01 3.059667704876407046e-01
1.930087425626539344e-01 2.991219145320201389e-01 -6.382490811012465903e-02 2.939147536814384343e-01 -1.562568866804850132e-01 1.948863016098829615e-01 2.673403137386289874e-01 7.394549585734017105e-02 7.909235647622477050e-02 -3.097967937614000758e-02 3.572188713272343996e-01 2.771665124555034998e-01 1.841073174465987852e-02 -9.477705835484455388e-02 1.540959197129352920e-01 -8.201772107948185342e-02 -8.341435423365164969e-02 2.865463224959720057e-01 2.921607761404471093e-01 1.048211725200495631e-01
-1.363937311473430170e-01 1.085958692657374020e-01 1.412258540644965588e-01 2.832285022995798540e-01 -1.383175509573322803e-01 3.038039399840807842e-01 7.818051899489304735e-02 -2.809150591281039597e-02 -2.230960171832944150e-01 3.546656014864467132e-01 1.441854102609100574e-01 -6.335040504550720764e-02 1.122353055629996682e-01 6.286606429141752828e-02 4.338098930283722926e-02 7.485583021709409091e-02 6.716577326928545311e-02 -2.308533612428719239e-01 4.448288702259969862e-01 3.609655130890259550e-02
1.678363994517750035e-01 -3.654754688340838276e-01 -1.246398083955754660e-01 -1.524030199244387762e-01 -3.350991269668042727e-01 -3.014372995169686820e-02 2.701001192811824242e-02 -2.111519176213362270e-01 1.280291187833744460e-01 2.090743685253074191e-01 -5.288934032332613493e-03 2.436818898676804956e-01 -1.049885234731371270e-01 -1.550746378267623370e-02 1.274025459363424262e-01 3.063314329746485293e-02 -2.705719119588342880e-01 4.078594098655537459e-01 -2.291625944605692536e-02 1.671070888100596452e-01
-7.875054684516472059e-02 -2.062147466072049296e-01 2.160772245977925776e-01 -1.411059162862156324e-01 2.494417078047182490e-01 8.736348597996389242e-02 3.477177452710897843e-01 -1.451723538034492278e-01 -1.141418930373626350e-01 -2.114343021019547963e-01 2.297824264981384035e-01 -9.258962679279812008e-03 2.383700822867467761e-01 -2.831834423212595611e-02 1.290047282050806043e-01 3.694152691738901151e-01 -3.399545624625949225e-01 5.527429449376958237e-02 1.802733370686593062e-01 1.418446969364431653e-01
-6.471807270788633437e-02 -1.271326746974336119e-01 1.044516267819041583e-01 3.642979468564204182e-01 -1.217601755475172243e-01 2.172513477671151605e-01 -7.424568885558259501e-02 3.706324591256787704e-01 1.517685832837010473e-01 2.680849234128075964e-01 -2.475616847471272530e-01 5.208040024511446930e-02 -1.319767441985257410e-02 -6.884687293492436355e-02 2.628407957478980927e-01 1.158330371007606011e-02 1.558757398962766494e-01 -2.662082706375896723e-01 2.062074979114862372e-01 4.729850384487459258e-02
2.259391138353025741e-01 -1.514160618988065476e-01 1.874080174995523818e-01 6.457614283053914918e-04 -3.723249325323184644e-01 1.547023537168314700e-01 -1.299245988365805016e-01 5.077271651154651594e-02 1.831875005853191574e-01 1.157128586118185698e-01 -1.200468490075039113e-01 -1.075416416888078097e-01 -2.817498812586345658e-02 3.312260009865808374e-01 -1.544828880412506267e-01 2.868739649527948798e-01 -2.214105954603131921e-01 2.339688512256306030e-01 -2.063919992848395890e-01 2.368325233425432053e-01
1.655473422590128876e-02 2.160710870870569400e-01 3.654257476707092195e-02 -1.385116902531671468e-01 -1.003996934384494832e-01 4.578951585800077051e-02 -7.803598675287219677e-02 2.257481871068785784e-01 -4.040372310609284257e-01 9.408860972224931951e-02 2.701616521363833442e-02 7.667273168135692318e-02 2.392290613464088667e-01 -3.772346303258555106e-02 4.384434966079955864e-01 -9.943914929238177169e-04 -5.710266389929401221e-02 3.034929031183729586e-01 2.697562701693189124e-01 -8.308110800488800740e-02
6.257652572839780825e-02 1.537021420174630448e-01 2.417094796431081549e-01 2.340346588516754589e-01 -2.476745828553852946e-01 7.042437431342560283e-02 1.007109912507958699e-01 1.678553703852968537e-01 -2.957327732880555837e-01 -1.872818564648447703e-01 -7.532177310809101689e-03 8.474958660674548894e-02 2.866825415129355403e-01 -1.709113615187342339e-01 6.828183494639515627e-02 4.749898790820636374e-02 8.378412815868753472e-02 -1.677156935883900302e-01 4.188220057334948732e-01 9.366833053890406824e-02
-1.906494226122351365e-01 1.975108332943475709e-01 2.597988111652939636e-01 1.772799980228389194e-01 -5.146093219768160115e-02 -3.389985028021672703e-02 1.822718918958790568e-02 2.867946415723782727e-01 -2.901446721246571103e-01 -8.520441254398940234e-02 9.315066230618967991e-02 2.576031440451841958e-01 -5.057193997256655485e-03 -8.290762142711417815e-02 3.919570430867675981e-01 2.011803994246589844e-01 1.134388787585298569e-01 -1.555877093291356816e-01 2.518721906276722988e-01 -2.101870199935671271e-02
-3.346308241240764092e-02 -2.151938436248761466e-01 2.611132453760237615e-01 1.414510864095211151e-01 -3.931020162566856158e-02 2.079641310744912985e-01 -9.125542464904795592e-02 7.744309347070345295e-02 -3.201282609392980261e-01 -1.171217238722460086e-01 -2.556276325563253127e-03 1.419734359351342012e-01 2.286653855200926622e-01 -6.538685651772117857e-02 2.848620367162338907e-01 4.316920214268419459e-02 8.485489837230805743e-02 -1.962613442993589585e-01 4.305968683917688611e-01 1.288513702921804949e-01
1.855183250207841084e-02 -8.427655478332653216e-02 -7.598060470824004320e-02 1.168162607349541998e-01 -2.757547062250177428e-01 -1.111358529805986650e-01 2.319101114631982319e-01 1.118472326793246889e-03 -1.185480796995162234e-01 -4.029410521481973512e-02 7.822966808907032277e-02 6.820168209254102998e-02 6.371444085667063439e-02 -1.131959126518354425e-01 3.762901084695142173e-01 2.796185320189491508e-01 2.483767729639120569e-01 -7.449049610026403645e-02 4.525290392695184294e-01 -1.294595592942195394e-01
-2.741717027545184995e-02 -1.915530506335180461e-01 3.257915090479195919e-01 2.378308494376185911e-01 -1.748323009110308024e-01 -3.534342249225856658e-02 -1.642852376705813619e-02 3.381914103907819880e-01 -1.781048277099912380e-03 -9.066460770612957965e-02 1.916515640670701237e-01 1.032766496903469583e-01 2.989797684240999912e-02 -4.965000672832937251e-02 1.922051806616349168e-01 -7.603533086273218944e-02 2.720758747040136205e-01 1.881220126370254098e-01 4.433437809525340167e-01 8.296618566566822672e-02
-1.088949368658908706e-01 8.078720213200139832e-02 2.978348535841611189e-01 3.228361279402365280e-01 -1.139101625730116057e-01 2.470486145977828507e-01 -8.582903582376795459e-02 1.426356707370656784e-01 -2.592378316904806468e-01 -7.005667876137812444e-02 1.879736367934208355e-02 -2.391032785241842869e-03 -1.331955551002352578e-01 -2.372532121808671249e-02 3.306034560973936109e-01 5.669151431817382597e-02 1.370534829834860841e-03 2.199759582834046878e-01 3.948036927788306505e-01 8.958172446138183698e-02
8.606847518434322664e-02 -1.574784437582177343e-01 1.178934304329724708e-01 4.268145344134386954e-01 -2.705983039747131280e-01 1.737230900831405467e-01 1.135673120781621331e-01 1.616220893410537374e-01 -2.630209750479303721e-01 -8.301031079057202833e-02 1.651846984053438883e-01 -1.299137155547969991e-01 2.288090411797966475e-02 1.438346341132704376e-01 1.255639722130053038e-01 1.983238558392922124e-01 1.224570680646521886e-01 -3.417458228318647762e-01 1.178631943851419367e-01 -1.325865138254888331e-01
1.528403942079786526e-01 -1.137048937728460801e-01 1.226450886415477726e-01 2.464566555353529254e-01 2.216612256107544088e-01 -1.283460533493537836e-01 -3.302845696186183094e-02 -7.006111855449535797e-02 -2.165228572955131270e-01 9.931583940627117246e-02 -1.189337257928801961e-02 -2.221937400137150576e-01 -1.673683616280083886e-01 2.205772824200979976e-01 3.920337220897821551e-01 -2.347457483659227406e-01 -9.346818674032580931e-02 1.310067518567510636e-01 3.572493588348441551e-01 -1.805778404389393188e-01
-1.121924771688312672e-01 -3.617976027605841471e-01 -8.745038871603529052e-03 5.154707633061294050e-03 4.034752811601145517e-01 8.812846913325287843e-03 -1.591362419207532075e-01 3.150354972734112913e-01 9.008739384745974299e-02 4.092924832780736599e-01 6.490095740130198687e-02 4.920148589655267551e-02 1.798370799414024945e-01 -2.015645538074702092e-01 -3.220279719659853435e-02 2.703161301509722225e-01 -2.068603500273146212e-01 1.261190985604903059e-01 -7.819665257792556001e-02 -9.202660767025637456e-02
-1.644287496476943000e-01 -1.245091476051099627e-01 -9.254930097380184573e-02 5.829295992173771923e-02 -1.231461722324451585e-01 8.164858709517655577e-02 -2.766213543681858567e-01 -1.013666731138571364e-01 9.682702546834535962e-02 4.331555412658837922e-01 1.887483763976791906e-01 1.210608322159892614e-01 3.009592047461460695e-01 1.197372819117019926e-01 -9.587742418114363063e-02 4.397820151136815348e-01 5.315645988465647620e-02 2.070003475121988956e-01 -2.499032424243169126e-01 -5.051626954717446799e-02
1.708824278707383668e-02 3.136293741232348831e-01 -2.640521404527331195e-01 1.809758215343271470e-01 1.508840212468516295e-01 -2.121773794497120447e-01 1.798405861482152146e-01 1.767803431347640675e-01 1.172789512232204345e-01 2.660961251452768073e-01 -2.076297583116178819e-02 2.098421317384304985e-01 3.398780715231735083e-01 -2.172029170819531896e-01 -3.258073820304780988e-01 -2.215527084841007188e-01 2.695486285201938448e-01 8.983599907837547249e-02 9.560751097610811766e-02 1.341911819057503841e-01
3.342585875008618479e-01 2.176242410350600065e-01 -5.068067221301059133e-02 7.043333332990779627e-02 1.301935078675478703e-02 -2.543696782118066158e-01 5.929384211582375275e-02 4.955544351301981454e-01 1.049243541708924643e-01 2.149069965014129002e-02 -8.716825368242465261e-03 1.391339541906501942e-01 -1.464319729642508949e-01 -3.220841457884719011e-02 2.637283943422109034e-01 1.428115989168730338e-01 -3.416651884646848547e-01 -1.888673133237289969e-01 -6.332887540055537334e-02 -1.304734611141206702e-01
1.747510486676721320e-01 -2.949952886623693482e-01 -1.537067137796374883e-01 9.682333830235631544e-02 -1.584719935742657793e-01 -1.986333986817098718e-01 -2.379302793592966841e-02 -1.088777978360059157e-01 3.562524028094312123e-01 3.651331240394588007e-01 1.141982224412554231e-01 -1.267696318755702489e-01 3.506550872523098161e-01 1.385318301983882727e-01 1.674964623552901988e-01 1.185393126146252162e-02 -2.085592406446580283e-01 2.943835350211891355e-01 -5.795353775429106652e-02 1.708520819414501013e-01
3.584403444697386032e-01 7.411202022365516451e-02 -1.365451300043044602e-01 2.028154153700916507e-01 -1.437214424124442225e-01 7.582930793891257126e-02 -3.503779399792552041e-01 3.616238945101643565e-01 -1.018262882092548921e-01 4.065604049114806412e-02 7.648643244298646005e-02 1.320948814444776742e-01 2.022603460091372540e-02 -1.782897567120841353e-01 1.530674721372072833e-01 2.396063502688748070e-01 -6.371312770826233207e-02 -9.180120105275796361e-02 -3.824336937310099382e-02 3.513715247846155298e-01
