-1.107097887958730792e-02 1.980549949407332533e-01 -4.805585274381943273e-02 -4.780106700315920887e-01 -3.632377855562323177e-01 3.247791746753084796e-01 4.854759330969647957e-01 -4.463465773367332745e-01 1.842552427433576667e-01 3.260442704444234119e-01 1.329187973376969867e-01 -3.425075357901745110e-01 3.221913331221995525e-01 1.584626418403662154e-02 -3.529949459058536188e-01 -2.888616537187287392e-01 1.528571151098054304e-01 3.222709217284178140e-01 2.277353210775188430e-01 5.378448938879321767e-02
-2.038759271396685946e-01 -2.243253623258648077e-01 4.603038936161974459e-01 2.592892292099360230e-01 -3.149513803666452172e-01 -1.929475760275060903e-01 -4.660471894733441145e-01 -5.986245598490880920e-02 1.688642807746455199e-01 4.763472507248104892e-01 -1.333974867616216364e-01 3.337225471640445362e-01 2.407843748601871947e-01 -3.614706746668877591e-02 -2.281134162403762877e-01 8.824344044744024396e-02 -4.056015314610108002e-01 4.645003950266856085e-01 -2.570978133219128936e-01 -2.426940084225043259e-01
-2.364016462497740001e-01 -5.722511003882788105e-02 6.427007709936628788e-02 -6.867763030064687191e-02 3.875903059222624014e-01 -1.560465681768148649e-01 -3.960790441035686449e-01 -3.485173556550871243e-01 -3.640711089528549937e-01 -3.133854829153306931e-01 4.957485366247051939e-01 2.564860925291634342e-01 4.688265520944479570e-01 -2.189604035795089665e-01 2.987037497103849915e-01 -1.299738494662669719e-01 -2.909679592389967651e-01 1.008056493989868546e-01 -8.684790708153775074e-02 1.460067862384499260e-01
-4.190035459067148471e-01 3.812587174245327670e-01 -3.535002328658093124e-03 4.646980082808943036e-01 4.102693463337552804e-01 4.695129703407352473e-01 -2.840501239025770563e-01 3.368080687385633376e-01 -4.522153092017303644e-01 3.751690167638883633e-01 -7.180056393076905685e-02 -3.780786518239554472e-01 -1.072668827238676542e-01 -4.168395322985130047e-01 5.512648516216525629e-02 -1.942857472115972761e-01 -8.402474498126925873e-02 1.494201041185792000e-01 2.017839516768632491e-02 4.288174828223201285e-02
3.977410718234282716e-01 3.417996826478864603e-01 2.110262052548562695e-01 4.281613795683039680e-01 -1.098620760000141444e-01 3.081126488325864332e-01 2.804266268624509145e-02 -2.285079929056046122e-01 2.604626190084810382e-03 -1.899776424428370192e-01 1.223348012808333218e-01 -3.274094722376825195e-01 2.758980586452527417e-01 -1.593939157540910923e-01 4.329768424903323587e-01 -1.633223866102905542e-01 -3.487487227668094047e-01 4.480334307416338757e-01 4.987123139743965261e-01 4.266466211494991945e-01
1.378956548738782539e-01 -1.856595812143153612e-01 5.728644661467227617e-02 2.932736768406918326e-01 -2.506419309883628488e-01 -1.656507580384943001e-01 3.942394015041915389e-02 -2.047080829253341561e-01 -1.717889441112123716e-01 -2.401558845466057468e-01 3.870733018501847367e-01 -4.608085852641867208e-01 1.029955663965626544e-01 -2.298571746462713117e-01 -4.972577551888930913e-01 4.581194713761042037e-01 4.666790034986658120e-01 -4.705710050374870557e-01 2.591847376425834293e-01 1.738567775141889584e-03
-4.932273861269142329e-02 -7.635737385216090356e-02 -2.626243057178231921e-01 -3.189625945106879246e-01 -2.965522517859652818e-01 -2.887792131530033113e-01 -4.917366219100939295e-01 -1.867197521740464883e-01 4.527212481844263003e-02 -4.977089332837440483e-01 -4.898625204716324233e-01 4.961898898684580228e-02 -3.977928741645144761e-01 1.685363160784843772e-01 9.395764420986171817e-02 -3.742610090141879620e-01 1.267223727417350343e-01 -4.358702288880133002e-01 1.335828836275141374e-01 4.440107308736763736e-01
-3.460940658573994910e-01 2.919967702587550340e-01 -5.770493402800080940e-02 -1.280536657917069054e-01 -3.823365680739739259e-01 -2.150854852467909695e-01 -1.088459806880698599e-01 -1.307596710980726273e-01 -3.290335522039251059e-01 3.161620450869022658e-01 1.335759485432163052e-01 1.367951148060938260e-01 1.686558660972017898e-01 4.092404940620374409e-01 -4.656573484705070487e-01 3.472061262975782436e-01 1.826189636695474128e-01 2.652902445576701407e-01 -3.226849906121246336e-01 -3.178097306926160881e-01
-4.175356800985265820e-02 4.734331710763693968e-01 2.351121264063656957e-01 4.357160819445450306e-01 -3.385834021941571681e-01 2.920216593110416814e-01 -1.687246627250856557e-01 -2.022452025441399126e-01 1.103082761609843337e-01 4.179473161303214890e-01 -4.285826980365029515e-01 -2.620633959514369060e-01 -2.052766319768106751e-01 -9.337282395976116700e-02 -4.111698140727794715e-01 -3.805147499054009619e-01 -4.558708864171331365e-01 -4.732710311321712826e-01 -3.316193229646727247e-01 -4.045316034660227933e-01
-1.707495393727456734e-02 2.463541867693921639e-01 3.120493704083929787e-01 -3.735451676138579202e-01 -4.163706369200079194e-01 1.933536601689491985e-01 -5.739902284096004559e-02 -2.568876095170209983e-01 3.223958121777799335e-02 1.514883182424575370e-01 9.942739364416319781e-02 1.938288798002866242e-01 -3.679208004968603229e-01 -1.793654025708384114e-01 -1.984427477662549788e-01 -1.608936738588669924e-01 2.155764069907707969e-01 1.098392264792364403e-01 -2.579379579687192670e-01 -2.299266960188483533e-01
-1.411204884287125816e-01 -1.280945213632583568e-01 1.882816124228223476e-01 1.502253389312470377e-01 -3.784333094859888558e-01 -4.970375518018164129e-01 -4.413133395471325326e-01 -3.269667468405992317e-01 4.292101673924284544e-01 1.768199946906546804e-01 2.954680534544137371e-01 4.676161881130293518e-01 1.885865222977041455e-01 -4.656790862436065437e-01 5.118945602759342878e-02 9.484457703586639254e-02 -3.291953516572788674e-01 3.553112588942323180e-01 -9.331595733194747444e-02 -1.418327361190273861e-01
-1.110515638637408625e-01 -2.413128605010879946e-01 -2.457218206835449226e-01 4.190383171707862120e-01 9.041609872522003710e-02 -3.019457618144907318e-01 -3.122355253237697470e-01 -2.272915074485242978e-02 1.255312015862976027e-01 4.411589272861493050e-01 -4.650965102952557273e-01 3.155227427666599804e-01 4.941763686468213512e-01 4.273689582298084710e-01 -1.157435140638955334e-01 -1.555523148141624012e-01 -3.720054637690665689e-01 -4.996550240624741956e-01 -1.108486778947575802e-01 1.993505573573945699e-01
3.327899870119369052e-01 -3.192773442278514784e-01 3.865251032150111565e-01 -2.575267720698447005e-01 -2.913242554395755746e-01 -1.121972634842684224e-01 4.093794003342217103e-01 4.453621942530708311e-01 -3.039992976498354788e-02 -4.765805837317640403e-01 3.792039651152010471e-01 1.707463957835639590e-01 2.071926583772127906e-01 4.830868004670730853e-01 1.114696244734924846e-01 -3.223825219659847141e-01 -1.040173891747348117e-01 3.072178397858014720e-01 -1.871436682201216839e-01 2.409122904917864738e-01
-1.022325897732055539e-01 -7.816424184568922240e-02 -4.076621607901007582e-01 5.708018226842240944e-02 1.010684187103756335e-02 -2.199097782218293051e-01 2.186084335387903643e-01 -3.383723203749966491e-01 -3.598640953062284820e-01 1.305811601411310252e-01 3.093309648644210208e-01 -4.231011036065564501e-01 -2.597520699428413904e-01 -4.454290681783434347e-01 -2.006624930597364631e-01 1.865207436639252925e-01 2.816412776761286763e-01 4.275854068484720716e-01 -8.377169979437106007e-02 4.904011466801598274e-01
3.198075305642738009e-01 4.640647945998713220e-01 -8.014971757854877019e-03 2.516896445108869340e-01 4.660948322390194298e-01 -3.758022899995264732e-01 1.159338483454489394e-01 -2.313688561937847776e-01 4.081188699476716586e-01 -3.998279576224624821e-01 3.198097779566315690e-01 6.534386606596984115e-02 4.094146109214386042e-01 -1.453235216468512225e-01 4.844872470444263612e-01 2.035478557859455861e-01 -3.052140716601016157e-01 -4.903230801010932116e-01 -3.905510611791058184e-01 1.738369128216357695e-01
3.791783849111579618e-02 -1.621441234954375601e-02 3.078800625257661558e-02 -3.883964124767950166e-01 4.911827916973084962e-01 -2.218251705866344514e-01 -1.339430926448643977e-01 -2.938065950956096350e-01 4.582773513737642967e-01 9.856620569847342195e-02 -1.523066597127269994e-01 -2.983977883976187129e-01 4.136560860838855991e-01 -1.698536170421375557e-01 -4.172616332022710539e-01 1.445118790074221560e-01 1.049103011479608355e-01 4.021000817927394139e-02 1.401990081073108962e-01 -2.811051396131079017e-01
-1.514491321954312131e-01 1.716948332735278304e-01 -5.429593348380670585e-03 -2.921048730585417696e-01 4.524001794569096346e-01 -3.933527918809153756e-01 3.638790565459185111e-01 -1.932514626771300037e-01 4.407642711173409000e-01 -3.429366207548975587e-01 2.113094896026813663e-01 3.582131118880201026e-02 5.862151840686395665e-02 -2.868300169684104839e-01 4.367762744433956179e-01 -3.636996107097598685e-01 1.208354088642287077e-01 -2.394975167433648078e-01 2.768268192426308616e-01 2.136519389281480441e-01
-6.361702179117885436e-02 6.611067919972930806e-02 -6.383997536551033747e-02 4.630463875902994242e-01 4.971128195838703939e-02 -4.917558208894033944e-01 -3.260375081711017753e-01 -4.596157686840182111e-01 -8.838396478173379811e-02 1.614133945582358343e-01 2.652010565634757011e-01 2.539495180280387787e-01 3.934966829663659738e-01 -1.754503995367934499e-01 -4.623656155542713586e-01 1.746688499615662304e-01 1.931226320867746593e-01 2.180753221941445219e-01 5.569918945018782069e-02 -1.983716976590121917e-01
-4.505660446110917872e-01 -3.364143203064422216e-02 -3.137608910106542970e-02 3.465879324060342492e-01 -9.458832539421398178e-02 -2.751366984649986636e-01 3.201479090703208685e-01 -2.179154177933168846e-01 -2.580227398658073712e-01 4.309872133205989164e-01 4.046700518188950935e-01 -3.331699738918479925e-01 -1.371147003074359993e-01 1.910139052341842392e-01 -1.177939300118695382e-01 -3.701566537416551839e-01 -3.315748585182804464e-01 -1.425186438917949716e-01 -1.269657114826061584e-01 -1.394568049782038965e-01
1.671119990930138299e-01 -6.722318367832422203e-02 2.237674242400893299e-01 1.436749920782273149e-01 4.610791535208632053e-01 3.154434220260804445e-01 -4.925561107095819957e-01 5.794807969199595316e-02 2.362860429236532667e-01 3.073441091172006145e-01 2.481163341517578502e-01 -2.924332473074336969e-01 8.218978707576442277e-02 3.769892727996545512e-01 -4.805703230932618641e-01 -2.445232327219461210e-01 3.359242218866287932e-01 -1.833948673839878585e-01 6.631224374613355066e-02 -3.057813260440535585e-01
-8.406612411901491499e-02 -2.931136668284555630e-02 -2.242266621335911314e-01 -1.553740693967639863e-01 -4.964847081927668548e-01 3.719495497327644506e-01 9.958360999145715597e-02 -4.958719779652578374e-01 -3.021883644764187388e-02 3.645537398728824208e-01 3.912773773133632615e-01 7.807186531292685527e-02 -3.405712094527263978e-01 -1.035849251304884477e-01 4.743094763418400639e-01 2.255342205975186809e-01 9.914147883886346990e-02 4.823594705071614919e-01 2.709521368605465885e-01 2.017074641367253701e-02
4.530421053306547541e-01 -5.140942532817988769e-02 -1.383873202719959616e-02 -3.265503939028551739e-01 2.557369192748876752e-01 -1.072726904718611547e-02 -4.549055522197240076e-01 -1.577588675773093640e-01 -1.888476257023440907e-01 -1.336299212399562897e-01 9.179568531252499386e-03 -2.898722419950153228e-01 -4.134452063356259810e-01 3.978731145783659939e-01 2.032672620342659831e-01 -4.242570680390949645e-01 5.102940769597000964e-02 1.648055548048201480e-01 2.270810756771742267e-01 3.338880941496222277e-02
1.977600069818242212e-01 -9.039733359475606023e-02 2.516147162600841924e-01 -1.775722180929140137e-01 -4.214241830583272397e-01 3.425292604145174780e-01 1.620780131398620039e-01 4.287455762309242413e-01 -3.323628384625134657e-01 -2.787431025829318343e-01 4.946880349850676928e-01 2.630738822137165256e-01 4.622286292745685365e-01 -3.454927804803729074e-01 -4.891672953089125642e-01 2.609700695758030986e-01 -1.015529123872918466e-01 2.077094957018824350e-01 -1.274498677295109184e-01 -1.973402935260655522e-01
-1.570986696486253720e-01 -4.202972736498439832e-01 5.940874552251645263e-02 3.043441989671182846e-01 1.537720820982127201e-01 -3.045164815259742142e-01 -3.317330907463274942e-02 2.508299292253056700e-01 2.776091750611662246e-01 -4.497118032574237700e-02 -3.847180949959956853e-01 4.045645836089298286e-01 2.176792040089683689e-01 -1.200842988251259458e-01 -7.370837350882329664e-02 -1.092901532707710593e-01 2.966140044505042872e-01 -1.842380594015557982e-01 -1.092127928295175410e-01 -4.223655433614567634e-01
8.321562115774587542e-02 4.642797363414073453e-01 2.348828906269674176e-03 -2.097937720296243203e-01 -1.885702359967153258e-04 4.667291560084680380e-01 1.739455501866060128e-01 -2.488362464168696608e-01 -5.380491993879644996e-02 1.287715702700203968e-01 2.363912737369210093e-01 -4.730395511343430948e-01 -9.412179388695557369e-02 2.195250977087399857e-01 4.677687019589267248e-01 2.758716523106727880e-01 2.798428893773038384e-01 3.058557265500981281e-01 3.183739430808769089e-01 -1.078947462469648927e-01
-1.125093677056024921e-01 -4.769915752722579394e-01 3.941308867096012802e-01 1.252417578065866122e-01 -8.023337266022342873e-02 -1.914551859287879354e-01 -4.926736378307499109e-01 3.755945251731959700e-01 -1.275521914341124774e-01 1.867469660533763454e-01 2.897210500724326510e-01 4.739352031351774519e-01 -3.159243165285768873e-01 -4.297289415774589449e-01 1.162992848520262995e-01 -9.792112417751996922e-02 -9.075912245679652879e-02 -3.399043776085126645e-01 -5.860654324537751397e-02 -4.378974790055605720e-02
3.776108274613246274e-01 2.442135416301730727e-02 -1.777014042008800143e-01 2.512096634794011574e-01 6.216642119405150352e-02 -3.811725270635276525e-02 2.613580626908876825e-01 1.816588234786233880e-01 -3.377537326848677468e-01 2.658480093028088853e-01 -3.522204365277517013e-01 -4.402958530936058185e-02 -4.379019968738990243e-01 3.239343651457969320e-01 -1.003990007885538632e-01 4.071944801100600975e-01 -3.916767951520559454e-01 -2.395297885828807927e-01 -3.012280669274430833e-01 2.252094201233940107e-01
-3.368803543356437835e-01 -2.774806589373801091e-01 -1.983594679583906839e-01 -3.883750782780667210e-01 -2.143237085893002491e-01 4.084859182871821703e-01 -1.598815812220457100e-01 -2.939719044799439240e-01 1.403084129769274213e-01 2.724124469100219215e-01 1.588744964572799401e-01 -6.982620622966249045e-03 8.199431216174551951e-02 -4.742337428974652824e-01 9.216624101606443742e-02 2.871848055062392047e-01 -3.948895983471906734e-01 -9.449491963150462304e-02 1.039456787679531174e-01 -7.631996912311116675e-03
-4.632292617273423008e-02 4.146200637915720688e-01 -4.115057635188820173e-01 7.179025663767830967e-02 -2.881729593434956271e-01 1.357126103768785674e-01 -2.826731743288046772e-01 -3.043529762075834477e-01 2.861601249345400166e-01 -2.863712933227350321e-01 1.223425696448186871e-03 -2.999396834643280885e-01 2.308959797393193569e-01 8.030826659842967008e-02 2.669135360228204190e-01 -3.093346804365691427e-01 -3.680082131080759239e-02 2.618553224295186443e-01 4.908719431815711243e-01 1.116465944076506372e-01
-3.903173727805673288e-01 3.285035506652537740e-01 3.744956119509915693e-01 4.914708142400329161e-01 -5.583402375469809220e-02 3.240230669327777702e-01 -3.314971644746813051e-01 -5.133113084358553041e-02 -4.499986329209684222e-01 -1.830582655373449164e-01 -3.863707239731969389e-01 9.658587940971984087e-02 2.691689839130805839e-01 -4.513091984681568136e-01 -1.432961749937626261e-01 1.436731381822753673e-01 1.033061830809836948e-02 -3.176764284444832942e-01 -2.747609136308564737e-01 2.270656088273601825e-01
3.638663825191209011e-01 2.289035649096386460e-01 7.710492039202596071e-02 4.790135470484352953e-01 -3.759724185822234110e-01 -1.991108233989991316e-01 -1.558594445641689474e-01 2.636037605313169552e-01 -8.794935180646656914e-02 4.393619118836799009e-01 3.039362289150266544e-02 4.026307893115639303e-01 -4.932105445002914479e-01 -4.035227191088621712e-01 -1.437198274531447661e-01 -2.594746704156842831e-01 -1.055162707103547426e-01 -5.931096694439976641e-02 -4.903763184372871842e-01 2.050405043714018105e-02
9.064269027929271541e-03 3.027675932249235258e-01 -3.588285154552031675e-02 -1.498080193320650011e-01 1.332626480855956252e-01 2.136267290184723777e-01 -3.829289795876854030e-01 1.462816304888401864e-01 2.855844578021515257e-01 -3.201340107429221926e-01 -2.756870038470551898e-01 1.346531031674299828e-01 2.689585403641230887e-01 -5.110283222179080181e-02 3.145792027360065912e-01 -2.230683587561673245e-02 -1.456386680678454539e-02 2.934666640237365010e-01 2.975400457762795159e-01 4.505215869792935646e-01
-4.252562244379812784e-01 1.707226035880984871e-01 -2.942433703672571177e-01 -8.283565444769279418e-02 3.137376535158553081e-01 -3.750190954634479712e-01 -4.427690674805022097e-01 -1.714321326773346477e-01 -7.323541918330692124e-02 2.958909655175142456e-02 4.546640589618907713e-01 1.885582066845709059e-01 -4.043190392035672098e-01 2.575827517324901783e-01 -4.881149621871130884e-02 -2.466038237063908067e-01 -4.964516306693830816e-01 6.991135720616162286e-02 4.085100936236916169e-01 -2.293874777510987728e-01
-2.969373202248141164e-01 7.722247608410623756e-03 -4.785381349271431994e-01 -2.225947231825730066e-01 -3.561314207274078880e-01 -4.572225238226063082e-01 3.085373607721255684e-01 1.705127951713511780e-01 -3.797805065096068744e-01 2.194289860756726829e-01 -8.164998958887632885e-02 2.266996034843612728e-01 7.001115577528745082e-02 -2.103918930341286408e-01 -4.080381409452679131e-01 -4.287379768613150399e-01 3.114850858787067134e-01 6.807193547343719231e-02 4.843930705077049148e-01 -4.849459196177109965e-01
1.152588620156539817e-01 1.259163054578836816e-01 -2.751536705413115680e-01 3.413400486374798537e-02 -2.545897027888839870e-01 -2.699963259667638726e-01 -4.148468930723055864e-02 -3.385942455200695589e-01 -1.951832464724447269e-01 1.939059346403724793e-01 2.323766036856416139e-01 -2.287834905412168551e-01 2.483998644098448783e-01 1.793126363484068286e-01 1.197300549486909199e-01 3.701434794244120030e-01 -1.431658522403165823e-01 5.361716043076207583e-02 2.825818134816395211e-01 8.995011153930530454e-03
4.597013700962579996e-01 -4.217816458982053818e-01 -5.347734662683569645e-02 3.870742117555384804e-02 -2.534888962441472215e-01 -3.825211236548161087e-01 4.591994536003051741e-01 3.792867202625158085e-01 2.690825054606768574e-01 2.349788166261181643e-01 -7.414991340090090755e-03 -8.244873310330673444e-02 -4.858000693005904980e-01 -4.541482052671877434e-01 -3.284299131095146096e-02 4.346321435468759597e-01 -1.572158441501200765e-01 -4.219794212143037626e-01 3.603530442617992047e-01 2.506215863176813885e-01
-3.548325491281463795e-01 4.598387679323125421e-01 3.905607278084078926e-01 3.718560551039156170e-01 -2.319504674374309461e-01 3.025836521894757492e-01 -2.840578423454233059e-01 1.957910835922841708e-01 3.780736384690052687e-01 -1.969147275110341155e-01 4.177931466324600884e-01 3.232865848345784637e-02 -2.890625820324801976e-01 3.761028250073168017e-02 3.483743620107672689e-01 3.733517913038535974e-01 3.129593208232758772e-01 -4.758968830006256034e-01 1.831543443466204235e-01 1.373888979509936825e-01
-3.900028103709434757e-01 -1.093934393111472142e-01 -8.395079534230652507e-02 -4.125626154934855516e-02 -2.718895158057936801e-01 3.290869413066175309e-01 1.388139292263308178e-01 4.399704693882439677e-01 1.790218270735932649e-01 -8.695205921137495741e-02 -3.613648374517486328e-01 4.866669039069522751e-01 2.610746155658106860e-01 -4.844862251376060858e-01 1.902045761235084120e-01 -1.610225101436116024e-01 -1.738714086166296205e-02 -1.557895430955533456e-01 -1.947695545690306118e-01 1.891986981631776643e-01
1.027708434600240334e-01 4.103368477134626269e-01 -1.687519905513818197e-01 -3.442876877351961906e-01 1.194043904649175480e-01 4.135773562817263715e-01 -2.740925898889521872e-01 2.903262873279410794e-01 -6.547896343659694030e-02 3.048351949736907152e-01 -5.458749548600642931e-02 4.249066785040972460e-01 1.318284406790395658e-01 3.676733868245590092e-02 2.876638356283351960e-01 4.910916224843024369e-01 3.656623281325906832e-02 -1.596978548035277723e-01 -4.530246596825693306e-01 2.468262801775634452e-01
4.138286484401387244e-01 2.674691232233509242e-01 -2.776093437256181851e-01 1.354566876932704333e-02 2.096019755035335164e-01 4.643217384460064379e-01 2.003297401193217808e-01 3.942589765199693841e-01 -4.024415329102014605e-01 -2.770765514186337430e-01 2.533184571681866282e-01 -5.883557822125962122e-02 -1.864118220507993973e-01 3.179099066017615494e-01 -2.119461995775760998e-01 -4.371377046604164041e-01 -3.644666495033382358e-01 -9.785682878876478946e-03 1.486068008199858959e-01 4.264132079212604176e-01
-3.289248470122913548e-01 4.183823366487828821e-01 3.148092868100123565e-01 4.314314717054753556e-01 -8.651491471387561015e-04 -6.236793149885690168e-02 7.564606976998473897e-02 2.512637618667161732e-01 -4.222129854084245154e-02 -4.922302926452207933e-02 -3.159105341075817419e-01 3.952501813736620795e-01 -3.086569380581902777e-01 4.411259056365745557e-01 -4.661065302622266482e-01 4.077147286844974849e-01 1.370443979185401451e-01 1.193807131846354695e-02 1.180940067989036529e-01 -2.721859150169180230e-01
1.204663813758598129e-01 -2.984965154708592583e-01 4.908397484620329321e-01 -2.905150664269878225e-01 -2.605294241497343455e-01 -4.101993312133233038e-01 6.982198042340964639e-02 8.870703308798680298e-02 1.116110441452491386e-01 2.686788834943618087e-01 -2.764399195253285368e-01 -3.726228870159820072e-01 1.394933305318158678e-01 3.982577040200813712e-01 -3.135132037899053259e-01 -1.956715027344284319e-02 -7.912196660249171121e-02 -7.237966853938827827e-03 4.106388203839348439e-01 -3.263591774429108194e-01
-4.824822223494307782e-01 -1.444148528564431488e-01 -4.773734518078193712e-01 -3.227260546777618311e-01 2.084398653973829341e-01 3.425445574173824337e-01 -2.632104519377738150e-01 -4.619836268229253473e-02 -2.256300446725874320e-01 1.827859271368657834e-01 -4.994823445346515123e-01 1.750161165240717576e-01 -3.070498943796514668e-01 1.024078443401618133e-01 -3.885593452167606099e-01 2.649847822315455903e-01 -4.442539644343489469e-01 -2.311232564719036542e-01 4.047727681908239727e-01 -4.997153693202732727e-01
-3.553831480505664220e-01 -4.197486018504924254e-02 1.192553296219970027e-01 7.390556092580055636e-02 -1.085972345435918945e-01 -3.193501102613059972e-01 1.608878528831662047e-01 -1.558013130368183230e-01 3.606678147166658133e-01 -3.516659152757112827e-01 3.382171013362885170e-01 -1.701970051907201742e-01 -4.077855614127870454e-02 -1.945531842102506126e-02 -2.667566176266014111e-01 -8.722420572037899167e-02 1.224748134684128520e-01 -4.233644448985043329e-01 -4.256898083847709957e-01 -4.455843363582902561e-01
4.652772471614230465e-02 -2.143339601455136467e-01 -3.839946051140697980e-01 -3.840114866689465778e-01 -2.858655421419837861e-01 2.511686564904693220e-01 -4.499041582990944699e-01 -2.032113477499100096e-01 -2.738066144838806060e-01 1.355920359263491637e-01 3.363385169269457742e-01 -1.957174822907185863e-01 -2.709396221676041439e-01 -2.627827777982585378e-01 4.301200046832712731e-01 3.268817201249071269e-01 -1.957247887246286733e-01 5.779809776335224913e-02 -8.365647788930992423e-02 3.997416650698067397e-01
3.593830143002907929e-01 -2.972144703837485968e-01 3.539258384221138920e-01 -4.698151965460261592e-01 2.608879637569369581e-01 9.976327356370273680e-02 3.358300035542435280e-01 -2.888875760748423338e-01 3.767668775807291315e-01 -4.251875433157797923e-01 -1.461795449406654290e-01 -2.243047582404965601e-01 -3.069106419000781627e-01 8.972554866908342974e-02 1.284507001779670865e-01 1.733704145458536405e-01 -9.860735393633135448e-02 3.730264503879968663e-01 2.729899246917193989e-01 6.228356689549971459e-02
-4.411199114467928561e-02 1.723099624595420334e-02 4.581781808212385676e-01 -1.886045341770090644e-01 -8.437422579908855289e-03 4.732639820954787635e-01 1.455907283381422668e-01 -2.498098392463836415e-01 3.799569609463885889e-01 1.815522010916796047e-01 -2.682936690749953002e-01 2.287111369920988291e-01 -8.819633060211339026e-02 -2.303235328717426755e-01 -1.274422356957564395e-01 3.505818401945098306e-01 -7.072314143176719470e-02 3.591300971314626556e-01 -7.199694846817737692e-02 1.287113981331927393e-01
-1.096423931067343621e-01 -7.839012854275831388e-02 -6.414966575291332351e-02 4.522728859455799610e-01 2.902864396525122737e-01 -3.164292703456464406e-01 -4.704582873751499417e-01 -4.669900062478548608e-01 -6.108595189372546808e-02 -2.963369630656901843e-01 -1.867317672811186491e-01 2.910529622657513360e-01 -3.884045667170843985e-01 9.723289518243579538e-03 -1.320871822275211660e-01 4.144663541643671123e-01 -4.351591505641361768e-01 -1.745527553832351975e-01 -3.697349316803932306e-01 2.092559616963740599e-01
3.347937708783130795e-01 1.317354987029767110e-01 3.624731030348674610e-01 2.647034352308138550e-01 -2.726331712533848206e-01 -2.229436394936274990e-01 3.906211074069380063e-01 3.996220318173698827e-02 -2.098776903868949939e-01 -4.928398664906554760e-01 4.960575319847358444e-01 -4.568037322359717045e-01 8.816263574123230085e-02 -2.175463686467977442e-01 -3.957539277616882734e-01 8.797448113570295603e-02 1.923048708990700295e-01 2.885620865844961691e-01 -2.318199075642330964e-01 -1.463031946694405561e-01
4.436004373177719340e-01 -4.353903769198471108e-01 2.483358916430835478e-02 7.928927908233927846e-02 2.672249065884660935e-01 1.843700970834307590e-02 3.767126526702169187e-01 3.433147872190183691e-01 -1.890196047026479753e-01 -2.465301758833341947e-02 -5.112568923293147466e-02 -1.293842233220162674e-01 4.970281589328207628e-01 -2.210065250453912833e-01 -1.458750188813101034e-01 -1.477543797766087685e-01 2.660324019017216712e-01 -4.649124505950573139e-01 3.965243040485073034e-01 4.796520904035828092e-01
1.174276583972967830e-01 -5.372472200829312046e-03 -1.630568317125741795e-01 4.476844314907644368e-02 5.012428559962493757e-02 -3.122022949905617351e-02 -9.613286315772942570e-02 4.292568600980794513e-01 2.315758780592352961e-01 -3.172146855155444367e-01 -1.334082866714579596e-01 6.179534809585528199e-02 -2.247283686071161746e-01 -2.043326370624453103e-01 1.274343044581881523e-01 -3.408537700714502905e-01 2.023014100549820893e-01 2.068703188834897788e-01 -1.421934544381480980e-01 -6.235761739754407812e-02
-1.022952751333565391e-01 9.059657460826082975e-02 1.829961590630643743e-03 -1.429424835627508272e-01 9.286248138641500782e-02 -4.606137434900681726e-01 1.212667340150305334e-01 1.793033789746628082e-01 -8.578935030516143811e-02 -2.695638358925722677e-01 1.469076233517801477e-01 -1.675179225887093309e-02 4.696263536696114738e-01 2.253375214111147662e-01 -2.021177942832930174e-01 1.455470606783832721e-01 -1.668885520115085952e-01 2.972860971076620173e-01 3.944723558429105714e-01 -3.529209995434074570e-02
7.022497577710272443e-02 -4.619199489947840576e-01 3.980441838299690338e-01 -4.191792399018534621e-02 -3.057713725030043461e-01 3.086365283520882130e-01 3.090948903041946805e-01 -3.344829260621007827e-01 -7.393819567434867235e-02 6.946562084584451124e-02 -3.601643796586961321e-01 -3.623671161562629084e-02 -2.908737978028016480e-01 2.528368772887650273e-01 2.587354657300343086e-01 -6.716238595375219333e-02 -1.178469953828066574e-01 4.854640030097296943e-01 2.215419633218867201e-01 -2.091542057201951910e-01
-9.292291067562195861e-02 -4.814066325489856912e-01 -2.400269978950697880e-01 -1.981946921661814631e-01 3.557061902243733309e-01 -3.153173482916589720e-01 1.945329869321063276e-01 9.867221767232792207e-02 -2.075375046198137952e-01 2.740470228111437367e-01 1.370638777275122178e-01 -3.456804761424885908e-01 -8.093158083268009451e-02 1.942120626990407467e-02 1.047656262666157995e-01 -1.640874196597237322e-01 2.456443547194659960e-01 2.104807181297913693e-02 4.890441434350564776e-01 8.564749102783621171e-02
-3.607196371628615394e-01 3.529078490141327462e-01 -2.169729597377919872e-01 -4.791870051117931850e-01 -1.497212240985645315e-01 -3.020652613369408379e-01 -4.107587363177194195e-01 6.367893636740538932e-02 2.660316289298743087e-01 3.360868304995958539e-03 -2.063362976616494801e-02 -3.776671712128859548e-02 3.291382685949072462e-01 -1.817010674897328870e-01 2.530270845519179690e-01 6.565356317574723433e-02 -4.038329833980735389e-02 2.064321358757059410e-01 2.524226761022420329e-02 1.017888376792786265e-01
-2.445489056953405183e-01 -3.015900374046176502e-01 1.046393814784071508e-01 9.708303709134903647e-02 3.760045674499285506e-01 1.127365121835459255e-01 3.557141229232461122e-01 3.815028454349069786e-01 -1.685031604904740563e-02 1.855653662165873685e-01 1.987641451156847705e-01 -3.037499275002962795e-01 4.868181222997737256e-01 -1.263591706436337225e-01 -2.935096693898088804e-01 -1.565715687476901610e-02 2.753433304982692564e-01 1.515325872298213528e-01 3.847958365953851323e-01 2.338598351983829093e-01
-4.800593004463423186e-01 -3.212905959663373556e-01 4.407314492248060600e-01 1.240837495093128212e-01 1.646150166929721478e-02 -2.126821843745270446e-01 6.746642851174149136e-02 1.297442981821786967e-01 2.775839850651639074e-01 1.228482373641496400e-02 -2.808340089366336279e-01 -4.426887441143241286e-01 -3.295990627397972772e-01 -2.374171549993014108e-01 3.469888303530537232e-01 -1.698698996229582123e-03 -2.111011375602948326e-01 -3.400104432405479660e-01 -1.533137820782293492e-01 -4.522441994287643152e-01
-5.421757979658030357e-02 -1.165268764447747185e-01 -1.907389812706548615e-01 -2.728223216776331506e-01 5.463151598132388181e-02 -4.174049993589828422e-01 -4.517203242608324176e-01 1.545608711715318884e-01 3.045306497658106237e-01 -1.374575712501500957e-01 -3.853945794775828215e-01 -3.812446059388482911e-01 -3.516440994388102537e-01 -6.011172387866417499e-02 2.453895347517279224e-02 -1.728005121683389156e-01 -4.854430210419417024e-01 -3.894291702415789702e-01 -2.365587015129885784e-01 3.555033711132667418e-01
4.401496473457559011e-01 -4.588968174967867908e-01 -3.423258089633840484e-01 -3.266960993004841551e-01 -4.827529105451365266e-01 -3.696284033744977049e-01 6.995842877127182724e-02 4.992172869954624725e-01 -3.516633288777277211e-01 -3.929278495307544222e-02 -1.960682577090017142e-01 -4.751654898493072321e-01 -1.188439618204734788e-02 -4.537560176556606484e-01 -2.508739859843265863e-01 3.098397493540967496e-01 5.000000000000000000e-01 4.637641761982321670e-02 -4.954227228023901919e-01 3.984751556366419867e-01
-3.870341642248117386e-01 2.416259033333184036e-01 -4.466200142616491009e-01 -1.197743226496060659e-01 1.744814740094779715e-01 -3.265306063039085105e-01 2.739217206894641321e-01 2.365367673593610220e-01 -9.229777532991063904e-02 -2.004232550457823170e-01 -4.385525698168091409e-03 4.515844502856862785e-01 4.838846069415189133e-01 -1.851103559894777817e-01 -1.800613322388045501e-01 4.345240453565538674e-01 -2.958160039604955660e-01 4.259363677145576177e-01 -2.407174014244546504e-04 -4.222053035432221102e-01
-3.586439206908278443e-01 -5.725829098765659181e-02 -2.683646800167583946e-01 -3.822128462009823369e-01 1.189356757987630048e-01 -2.536418372836304891e-01 -2.388607822675446191e-01 1.575396288499820718e-01 -1.609774999741553636e-01 -3.050026683295240515e-01 2.119721035316639579e-01 2.095620690683745457e-01 1.101559362173104295e-01 6.452646472579258441e-02 1.725016522149038500e-01 3.010420735326284070e-01 -2.164926966563548438e-01 9.934173304220059869e-03 -4.632880165253322469e-01 -2.208240803589964218e-01
-1.314174506672055875e-01 2.422306191737170211e-01 -4.079658234142043982e-01 -3.556926051348301421e-01 -3.912600828796383712e-01 -1.866886039681989184e-01 -3.331894605214201222e-01 3.284930453210704870e-01 -2.482064449182123378e-01 -4.821926681261713976e-01 -4.315502287342045107e-01 -1.842392951478897534e-01 -4.544745321239481717e-01 4.772905066113984907e-01 4.678816587260591908e-01 -3.698899479247465538e-01 2.615975966011119813e-01 -4.809335863607583361e-01 8.376282453364282399e-02 3.796219051154817864e-02
-4.244747810389147280e-01 -1.217127141094723891e-01 -2.479415488904582465e-01 -3.932704954806905961e-01 9.699479480964012801e-02 -4.316208285259880983e-01 -1.086721022045136209e-01 1.056822418790195894e-01 -4.415189476372065602e-01 9.610666182350736941e-02 4.973242245907111836e-01 -2.023166318984525314e-01 -4.383880791123371812e-01 -6.210401892380047403e-03 -3.253197641497511672e-01 4.504980346393430146e-01 -3.284338679318818399e-01 -7.687775715687231171e-02 -3.571670726486710357e-01 4.749688356725518812e-01
-4.764615655195258981e-01 -1.555077959305220803e-01 -9.628848517187611755e-02 -6.529459765016630557e-02 4.523638171357539234e-02 4.055079411853385607e-01 -3.913602135857651709e-01 -6.140095348105140821e-02 3.375368791717176520e-01 -3.382751923725199616e-01 2.568125387347608424e-02 4.413930098074891339e-01 -2.035388036336098216e-01 -3.420571740898005475e-02 2.804260934545371731e-01 3.134060970242657507e-01 -2.891466122225372914e-01 3.904494123590473986e-01 -1.105677811563510748e-01 7.125232600654729520e-02
-4.305579276233380270e-02 4.905958454215445519e-01 5.129440827733178221e-02 4.828898644601149481e-01 -2.673903547971522299e-01 -4.627368085510218942e-01 4.276323501062661570e-01 -3.128656345641546259e-03 4.776492332496696802e-01 -1.482158076314962214e-01 -5.000000000000000000e-01 -4.722855399958483802e-01 -4.371700542859471850e-01 -4.868543227273076646e-01 -4.965267663373152951e-01 -9.353427707894887769e-03 4.346946343098932047e-02 3.836559243377223871e-01 1.173643757077355992e-01 2.909986708989682758e-03
-4.199193049356893248e-02 8.858837080211229287e-02 -4.893821642534023075e-01 4.994570482314772408e-01 -4.413599043626362239e-01 4.513605794872522781e-01 -1.081421028256077943e-01 -2.517443603120670947e-01 -4.929023531294277616e-01 -1.526653311033921157e-01 3.879456745133307849e-01 4.620665043698075070e-01 4.077888593595555000e-01 4.464984146985564450e-01 4.065000008416498334e-01 -2.972534969441693042e-01 2.229726167681615467e-01 -2.292651930084681211e-02 2.350120127793509650e-01 -2.537342209860933839e-01
3.983290918897530175e-01 -1.661510807875082318e-01 -4.824959995691576187e-01 2.872917274300723078e-01 -9.066811763106756572e-02 -9.584229657546043668e-02 4.463080824909708144e-01 -3.214379825685727277e-02 1.455340343883650134e-01 -1.337189558544120138e-01 -2.456789040388060799e-02 3.355035049643567135e-01 4.785757609717591898e-02 -5.580598741883581460e-02 5.047219284648543636e-02 -4.697421694758297517e-01 3.404652258048750935e-01 -3.552477325696782318e-01 1.346265421264780382e-01 1.349697923880463779e-01
1.465383006646048814e-01 -6.775352918661346757e-02 3.686380700725259696e-01 9.159852061728569750e-02 -8.070763282678260209e-02 -2.080555623708439383e-01 2.499355182423670940e-01 -4.371588863992220131e-01 2.082405237751121518e-01 2.372403737110353739e-01 2.565202935917449967e-01 8.694341999633467544e-02 -2.842608548534980573e-01 -3.771882895196984053e-01 -3.631964250667232830e-01 1.505603778467575274e-02 1.893732464961414563e-01 -7.675889716239496507e-02 7.997208719096239593e-02 -4.071036509230916978e-01
-6.617272711852889566e-02 7.987145381249560749e-03 -2.613322323171218819e-01 3.378721693820441185e-01 -4.992584457059787151e-02 -2.251870169337755745e-01 4.279105647788430389e-01 3.930865905502185509e-01 -2.431837089826740517e-01 1.432281496456545844e-01 -1.429323242955332363e-01 3.240816386040867303e-01 -2.953682190648694306e-01 -2.317617630348634272e-01 -2.233308475466339593e-01 2.665336918629163665e-01 4.492372731800353125e-01 4.218246306490111563e-01 -3.158687576266666075e-01 -4.160262090057053608e-01
-2.426713321191412143e-01 -1.209013165731734757e-01 1.022153169495775560e-01 2.995702735036888040e-02 -4.980118166340364305e-01 1.950071055797611974e-01 6.030207962103197039e-02 3.424898686574402995e-01 3.350644509715181574e-01 -2.981911924266513747e-01 4.827843626701635027e-01 2.021762877330296193e-01 -4.549999975567627364e-01 -4.988111091244063489e-01 -1.222320113623736985e-02 3.161083745561431013e-01 4.653361153229923497e-01 -3.823546771610351613e-01 -3.357677525545667563e-01 2.578990933220708381e-01
-3.915366141341727335e-01 -3.259216461093457085e-01 -1.749409518551988119e-01 -3.261069477943003836e-01 -3.340226739223842722e-01 -4.701290027690386286e-01 8.046428986529212402e-02 4.283164579948514072e-01 -2.984911731864732798e-01 2.402817173576419357e-02 -1.413312108581024351e-01 4.999702143735329507e-01 -1.473567984239390893e-01 1.813863189455018274e-02 -3.879161928313740182e-01 -3.963390358773961897e-02 -2.169570368513226710e-01 6.152167990048651447e-02 6.081940766146759492e-02 2.712635063812272596e-01
-1.588926172237706547e-01 -2.227641745682087393e-01 2.530576394739592616e-01 4.139638374201154991e-01 3.385472684441138136e-01 1.069723899680008056e-01 -4.579045485663363890e-01 3.741801928084327322e-01 3.659208051571734566e-01 -3.931739913633844896e-01 2.684049080751819139e-01 -3.689074336643434759e-01 1.046424566117513805e-01 -2.997630269135020953e-01 4.320354530801216036e-02 2.435796311784280133e-01 -4.740646482027772723e-01 -2.997374745245711125e-01 -4.692315402951309777e-01 2.672220663972090238e-01
-1.741538747498900253e-01 2.976327765356669430e-01 4.079104155441209967e-01 -4.439056168794424662e-01 3.831036660123600668e-01 -4.793800221625174607e-02 -2.071714063376937642e-01 4.018367817478809001e-01 -1.706741968689650113e-01 -4.114520576363902560e-01 1.526517197548576399e-01 -2.374852319750885288e-01 -2.103303171535296223e-01 2.380135965134759224e-01 4.327494765433297086e-02 -1.189579218353468276e-01 4.839580199731573495e-01 1.322486215381062646e-01 3.854425340244921339e-01 -4.868783765031848842e-01
4.732910789672772345e-01 -4.600455376935558283e-01 -3.973210997143377665e-01 2.398346022869372318e-01 -4.528598067532883520e-01 -3.588371372850507335e-01 -1.143630677702714149e-01 -1.114680001271595861e-01 4.610490278221660021e-01 -1.568227002954646621e-01 1.196556423564832244e-01 3.995056542649578213e-01 -1.480736806939776662e-01 -1.435277588659512327e-01 1.757835342051507488e-01 -3.613396610935274422e-01 -3.907563564515430937e-02 -4.512349311400373764e-01 -2.640073958319593683e-01 -7.971516299973178954e-02
-3.197335611167014258e-01 1.568891064673240132e-01 -1.600020841392753856e-01 -2.992276530013152080e-01 1.235438317725852664e-01 3.499179794118571496e-01 3.383416266872911748e-01 -3.617043820753474415e-01 -2.146068733572893683e-01 3.769176691763887477e-01 -1.189916973778899351e-01 1.679963101011102133e-01 -4.569970959398502175e-01 -1.720839769842854861e-01 -3.529555572454456391e-01 -3.633444184260945509e-01 -1.586572782214541455e-01 -2.833696604887135928e-01 1.456954106207522803e-01 4.453772343356561803e-01
4.238038917668085492e-01 2.475122570875895323e-01 -1.341444699555346398e-01 -4.504141064523799476e-01 3.018447358511127110e-01 2.882764349997086750e-01 -1.705282999917192566e-01 3.564686374306740846e-01 4.851546315515785079e-01 -1.034856199604285570e-01 -1.177637006180488194e-01 1.755758238969825080e-01 3.593338860413660685e-01 -3.453274871025382997e-01 3.154490676198979382e-01 4.171521002920963173e-01 4.360922784814644793e-01 -1.857496416516984383e-01 7.169382863499151881e-02 -1.152452151813502385e-01
3.361508274457942202e-01 3.458051826931093919e-01 5.166421579956567006e-02 -1.516830383304538510e-01 -4.700294104056907396e-01 1.843016119103316752e-01 -2.786403710408452139e-01 -2.067564487482150271e-01 2.685091883220729891e-01 -2.143115916026371581e-01 -2.131692552620226000e-01 -2.629733191530098102e-01 3.996358332239446365e-01 3.451023669473421429e-01 2.487634973414660777e-01 -3.861976869357107711e-01 -1.936268258561485989e-01 3.294151139751851365e-01 -2.633780044540449672e-01 3.420734970300438604e-01
-1.561949391532402864e-01 -1.142335241553260779e-02 2.145045663714035267e-01 -1.804561844330125342e-01 -3.042628013456691663e-02 -1.245805221354296805e-01 -2.752655277194596128e-01 -3.550566198226473014e-01 -3.941132386416810740e-01 -2.387155395078822961e-01 -9.384492212083581086e-02 -3.123831702817574385e-01 -1.292760066304715905e-01 3.729360408152725959e-01 -8.140653109125262077e-02 -3.988540260481180377e-01 -4.538557686251052936e-01 3.236201655560497215e-01 -1.770962135365312766e-03 3.715041987919985300e-01
-4.266052888186903091e-01 -1.135785696893718139e-01 2.974255737662457322e-01 4.269467627628842910e-01 3.787541369784350742e-01 2.148138549549525600e-01 4.858222609069523523e-01 -3.776260416948560850e-01 2.929756213860060243e-01 -3.392737219728633180e-01 -1.576953605920654658e-02 -2.832046382070207979e-01 -4.663149378267655298e-01 3.818299499344419146e-01 -3.801489254652105632e-01 -1.860178477435067701e-01 -5.262069367206235332e-02 4.605582125248425251e-01 4.487977506307275211e-01 -2.175623580776950006e-01
4.729613298838032387e-01 -1.406479017278828084e-02 4.481971492928714662e-01 4.790478741403605412e-01 4.312587937449884889e-01 3.659846779443012288e-01 2.823589334752452107e-02 -2.988737544044918759e-01 -6.102693913354485106e-02 1.049072542150294579e-01 4.557819011212293492e-01 4.756028757136792073e-01 -3.475252489062534145e-01 -3.314584420361802453e-01 -1.752720472122936204e-02 -3.116407203934791759e-01 -4.206711267108201313e-01 1.648685804305030922e-01 1.842690456826118761e-01 -4.128607903395544731e-01
