3.937019506572104754e-01 3.569866887081697415e-01 -1.931500655122030397e-01 -1.098677210709520088e-03 1.000416894473016155e-01 4.918733284817868034e-02 -5.699376043588551960e-02 1.198652607637843703e-01 -1.170151289814363831e-02 -8.985791662218534093e-02 -9.265879062726313509e-02 7.437691301409679601e-02 -1.224006084881702622e-01 -5.453494699100314841e-02 -6.273998968380546139e-03 5.300165953806430102e-02 3.952344994366448899e-02 1.023870395880873418e-01 1.472219085801181396e-02 -4.234787391070219016e-03
1.706160854633528567e-01 -8.594387869311841902e-04 5.201979241199315707e-02 2.737902702681051514e-01 2.367906101895664861e-01 -1.483257379637636653e-01 5.570036788365476804e-02 5.134857248360056962e-03 6.626228134721001695e-02 -3.990448904726253548e-02 4.911090692635803646e-03 1.491408246291038922e-02 2.604271061533091486e-02 5.895618047141529955e-02 1.578076175091547295e-01 -2.566634274993935105e-03 -1.776099899557796180e-01 9.314382264674693490e-02 -2.349047397092398140e-02 -5.873936937255896246e-02
4.099503470410457290e-02 1.442083390067744608e-01 1.035206087304405692e-02 6.351251632773421973e-02 3.922831441457427792e-01 -6.889399381124571009e-02 3.721178364751204920e-02 1.226767225534171057e-01 -6.434097603344438032e-02 -8.340247777140931407e-02 -5.061543798158723434e-02 9.210187298723375438e-02 -2.079727245601225849e-01 1.103849969327013597e-01 -6.623663491472006615e-02 1.360393861079021993e-01 -2.625786837245725619e-02 1.915557740573405610e-01 3.499103805310915111e-02 -1.474832363971028126e-01
-1.467694787119624145e-01 -2.280315887664517149e-01 2.318521379372875599e-02 -1.089889603039395638e-01 6.154882602411713803e-03 -1.077766737906002276e-01 3.471016349829477710e-01 2.753932350195631984e-01 -1.824636728124513080e-02 -9.534037525205880936e-02 9.643707994065295330e-02 -5.348307902725034368e-02 -3.632242056895390592e-02 -1.093248627953717356e-01 -1.658425018880535506e-02 -3.214941206130445678e-02 6.218820700704331267e-02 4.347467613569580558e-02 -9.996878954351542945e-03 -2.750472274829487279e-02
-9.011472367189189703e-02 -3.900192273332455870e-03 1.729991334298070504e-01 1.331133095262567179e-01 6.283867117403567348e-02 5.291021430473200407e-03 1.746840156886038387e-02 -1.104515504094866728e-02 6.532211912523840092e-02 1.742070102154231470e-01 -6.676794590483721425e-02 -4.250597723947648066e-02 -7.808048659006835979e-02 -5.684733926897862777e-02 3.459859390381916922e-02 4.887642823213640686e-02 1.670631814706696402e-02 6.982863410248767166e-02 2.485444731536128396e-02 9.922068564361076135e-03
6.407487424280357280e-02 -3.233224359361035888e-02 -2.656922156608198127e-03 6.475057372271142420e-02 7.280922168107821502e-02 1.435566793307232469e-01 5.920924131978027444e-02 6.520661566527589936e-02 -6.664857734623408705e-03 7.313028060752513326e-02 3.982616181179351317e-02 9.161102923513403384e-02 -8.384267563778882715e-02 1.160162251783587728e-01 1.828600576846141634e-01 2.474256319132998316e-01 2.067842678628446229e-01 -3.071738437408059186e-01 -3.254382944382837595e-01 -3.142050430526328597e-01
1.103534589646241737e-01 -4.971342763611924509e-02 -2.240392211691779809e-02 4.270491578229790308e-02 9.195136814960043481e-02 1.670807773773071991e-01 1.003959222784659711e-01 5.372490672825213504e-02 -1.446725245588630603e-02 4.876977019342219888e-02 3.167768745418218790e-02 4.924320773187603612e-02 -4.995308182108040146e-02 7.929317855732835596e-02 1.922916890037229543e-01 2.574557679818648692e-01 2.067293716358616362e-01 -3.178581888984780557e-01 -2.923701598710787275e-01 -3.237536588429121842e-01
1.766381956324270669e-02 3.651492364633966009e-02 1.187411792482671730e-01 1.590132694284760728e-01 6.401169005815846025e-02 -1.287012283014370151e-01 2.158895123191829635e-01 -1.196843418189396518e-01 1.358081898606020022e-01 7.483387460275270353e-02 6.655827267961987592e-02 1.742700991266645238e-01 6.538505127022982422e-02 -7.656654757604586248e-02 -1.749463992330889117e-01 -1.820900470893463963e-01 6.672041833742016481e-02 -1.144111123704954006e-02 -2.112776957110011344e-01 -2.274711906960187324e-01
5.608788273127790491e-02 -2.629618538147343240e-02 -1.549526774523000104e-02 6.518790397767079692e-02 -8.246528719858764456e-02 1.520044549375483556e-01 -1.252439571389216133e-01 -2.910508933757766786e-02 -5.030268252156133019e-02 -3.626840819458979071e-01 -1.443172591618862854e-01 1.987592243163220362e-01 -2.160148000751795916e-01 -1.544665751399240672e-01 -4.245184814807466400e-02 4.675947720921701245e-02 6.345950894720388258e-02 1.473966648358572273e-01 2.143286537689835861e-02 -6.854535410065772105e-02
1.533003273780960407e-01 -8.712708535845359314e-02 -1.415116534774612037e-02 -2.463532785254177269e-03 3.881456485293390685e-02 3.549826684716984176e-02 1.102162648501770897e-01 6.167842629649664121e-02 1.968889247568463355e-02 2.535324979174231191e-02 1.114980499048209561e-01 -1.615073482715584374e-03 -4.357584009661799596e-02 -5.994652742935551240e-03 9.554313124959415426e-02 6.522232633923496364e-03 1.888724640053741355e-01 -2.148868531618662592e-01 -2.607893350319200332e-01 -2.589515184869910502e-01
-1.286456779758231861e-01 5.273358808685445903e-02 -1.384899937738614216e-02 8.910541492759783966e-02 -7.343575058326540402e-03 -1.734091051508433387e-02 -6.158382529314880560e-02 1.308866342840272756e-01 8.376828500089225638e-02 4.846039794447828952e-02 4.113025984184195960e-02 7.497865782067951457e-02 -6.707184019334669345e-02 1.440641043828331247e-01 2.070845275105809014e-01 3.037947074063736541e-01 4.673282784353297720e-02 -1.074728261716051542e-01 -3.162395307105696496e-01 -3.150221086878750576e-01
2.143811675807350339e-02 3.314052728732953812e-02 8.722395679017602710e-02 9.170365743124460345e-02 4.150977240703642573e-02 1.066781916766809946e-01 7.925828898972328562e-02 8.483727178888970932e-02 5.787492002860675222e-02 6.118043015566841658e-02 -1.055597006996346690e-02 1.114199836777479413e-01 -7.227148112215291131e-02 1.439828298321190470e-01 1.549285051259879087e-01 2.423185620457939671e-01 2.028593448745512062e-01 -2.585833892385694388e-01 -3.886484903417017911e-01 -3.524367421584322368e-01
-2.228096338422116615e-02 7.091813228290924642e-02 9.994250337846188881e-02 8.392494706245978708e-02 1.726782105321028951e-02 2.817795869274448625e-02 -9.650044840282373179e-03 1.213490941512772592e-01 8.270827186213161597e-02 4.115235361810547221e-02 -1.457742297723585607e-02 1.008347120150775850e-01 -7.432899719206381706e-02 1.490831673777198996e-01 1.491064916039042676e-01 2.563133704714281591e-01 1.734883395420486196e-01 -1.993551231048775740e-01 -3.822986625797426541e-01 -3.637452534403012305e-01
-6.173743617320284066e-03 -1.593523666032737110e-02 -9.543083274477970682e-03 6.834827153850892012e-02 2.153831613774371545e-01 -1.324331105284231869e-01 7.126524560895846445e-04 3.789044522637065315e-02 5.855928736182975519e-03 -7.569736852277182682e-02 -1.324421623703059270e-01 -6.698134304143078810e-02 -8.080504229844324982e-02 3.061592630669061066e-01 -2.359868440901759790e-01 1.119009580242118912e-01 -3.102769527126336691e-01 6.193890032930857159e-02 -4.932023114670902597e-02 -2.625420238059380518e-01
5.636384818429362835e-03 -9.886958225823923307e-02 6.250586266584147455e-02 -2.395584986691982610e-01 -1.156052357831700850e-01 2.458590473908430288e-02 2.962180275954058584e-02 5.298503175233556378e-02 3.038821734117948953e-02 -5.262153173986693425e-03 -9.061396777503434585e-02 -5.458751979377926555e-02 -1.121048626419509364e-01 3.250984492087314326e-01 -1.323782587805047983e-01 6.377429857055673390e-02 -2.411690664179265142e-01 3.332864740911403029e-02 -5.185217402935066167e-02 -1.983182558941588569e-01
4.369500279764143569e-02 2.380262180021495630e-02 2.437624072477402939e-02 1.183965141468905913e-01 8.510459180593693551e-02 -4.591676634432299148e-02 6.179838961156740307e-02 1.538483321270997344e-02 4.765902238076260428e-02 -3.336963308580526838e-02 5.573207912147962184e-02 3.121499794357392166e-02 -1.870588224958758330e-02 5.610007289287133325e-02 3.603440104338463956e-01 -7.258316097116453147e-02 -3.701722927252426021e-01 1.392647350357865688e-01 -9.081644459029578065e-02 -1.583362516989970936e-01
-8.022038519617821425e-03 4.244517212034405462e-01 1.581416266765868148e-02 -6.533021344744245618e-02 5.792958590706496352e-02 7.785872739320211233e-02 2.151022798531579683e-01 1.236196917127131839e-01 -7.162557481837611428e-02 -5.659355689018758656e-02 1.362854575666523280e-02 5.467481787032771323e-02 -1.045757013442664696e-01 -1.366058564944426790e-01 4.261782221496548083e-03 3.107288827985113522e-02 4.340612788022629037e-02 1.291085513646879901e-01 4.519597488120635255e-03 -6.748818215744174787e-02
5.764633475955482922e-02 4.696166797401315346e-02 -6.348687138684358695e-03 6.616007179609721678e-02 4.142329593606912386e-02 -6.420178697696587999e-02 1.388049511891907388e-02 -2.912794565413111270e-02 7.489073281004617055e-02 1.016726742937819478e-01 -8.652044917920841127e-03 1.432296613856184342e-01 1.178622387467205823e-01 -3.851065877958531614e-02 -1.173930217072558929e-01 -1.356716404661997832e-01 4.755588419126748068e-02 -1.355164775646992836e-01 -2.836731363042011567e-01 -4.519954776906047744e-01
-3.615986863521472496e-03 7.591566883078448846e-02 9.338888500505232448e-02 -4.503341291192194951e-02 -1.702765764129625728e-02 2.341796583899639558e-02 -2.808886416112067047e-02 -5.469577124028322801e-02 -8.480855948194770955e-02 2.207151796723147777e-02 1.864404620876562724e-02 -4.572208945815950387e-02 8.568794750825701328e-04 1.204359393885697238e-01 1.124547160550328634e-01 3.290586333161010357e-03 2.222409973870823341e-01 -1.427740602894423116e-01 -3.070547628882887015e-01 -3.419635935654224967e-01
4.588164063108425561e-02 1.005421984090630882e-01 3.967149537887005445e-02 2.058239807269633403e-01 1.597603332608087678e-01 -4.111974705870401897e-02 8.059757664857117310e-02 6.730016320530518570e-02 -6.860545972856314789e-02 1.409581535867433268e-02 1.219968961840136173e-01 -4.015554105256134015e-02 -3.521287105267950635e-02 1.668651668899903684e-01 -2.056238441585597487e-01 2.104314823770855880e-01 -2.722061866080607850e-01 1.209567667895585646e-01 -9.372939044650456519e-02 -2.635197651835263777e-01
-2.220192954245966965e-01 2.508234546835617085e-01 1.146594762709054055e-01 -1.386380907520499972e-01 -1.954273751408769355e-02 2.542145403177991647e-01 3.359581678140308170e-02 1.379984763220335475e-01 -4.576861236160082586e-02 2.656864608385850132e-02 -1.140881185250940261e-01 1.903438355201016174e-02 9.857177543504223871e-02 1.840923654228448711e-02 9.876590666121523587e-02 -3.362652307455576972e-02 -5.011565617718640592e-02 4.729901575660398066e-02 -3.194656841114970613e-02 -9.893248550795460949e-02
-6.327900161822561098e-02 3.178384802906882717e-02 5.151193691758613330e-02 -6.002036281036689236e-02 1.479219094404576884e-01 2.579863081045837281e-01 -1.164523443888402544e-02 9.746600948169331646e-02 -1.012164395616580170e-01 1.655569251504158262e-02 -1.550300747470967078e-01 -5.703717209730275323e-02 2.821536928923053522e-01 -7.673095548360631124e-02 4.403726561493565006e-02 1.365752478700495154e-01 -6.176280144291092233e-02 -4.058688953270833677e-02 -3.691453248351329874e-02 -3.572055493774011214e-01
1.048950773124970315e-01 2.297199618276756991e-02 1.056740082388892138e-01 3.004445849738012278e-02 1.776834918205184508e-02 4.102096101642401654e-02 9.229835230711076755e-02 -2.143044894995573078e-03 2.721764417493671012e-02 -1.571124093176634595e-02 6.896190618066028177e-02 5.845801997830041979e-02 -1.232607742322617585e-02 2.623013560079759735e-02 4.429176561323767136e-01 -1.326033547152981329e-01 -3.831216600440990327e-01 1.536732901947709951e-01 -1.255282605648304906e-01 -1.750821053459548915e-01
7.449409199348027387e-04 6.992265324024972417e-02 4.803606597666958827e-02 1.206876362017293425e-01 1.231407557002367308e-02 -5.204139116847220081e-02 3.384672664511883394e-02 -3.789363675159621719e-02 4.168963008102276324e-02 9.195242776724971145e-02 6.783998171662200538e-02 1.226291335064280397e-01 1.200302015399071498e-01 -6.672484464765154888e-02 -1.407794903561069011e-01 3.920744344371908385e-02 -1.244883396729232553e-02 -9.999316993399344489e-02 -3.288798841158800945e-01 -4.006999073262573208e-01
-2.517893100532567902e-02 -1.269195717506746701e-01 9.676705827038598051e-02 2.465104729467594846e-01 -3.883378744369934965e-02 1.972697613100460323e-01 -4.200771468222734562e-02 -5.066554945754904449e-02 -3.581787459113956046e-02 -2.930167428493897774e-01 -9.384891327256665583e-02 1.801373036055831656e-01 -1.144012746313381595e-01 -9.554125024178510006e-02 -3.233844845061465550e-02 5.912466192678376281e-02 6.601312476858992029e-02 1.412061409438231663e-01 1.145480254455868855e-03 -3.165312040021700524e-02
-3.773643786853320692e-01 7.807984989743579907e-02 -2.067575417317583375e-01 2.296458880570819150e-01 1.026837218483666603e-01 -1.062878324712699246e-01 1.461109451028543352e-02 -2.040804971330421880e-02 4.998028182335159664e-02 2.259485883488798058e-02 2.583311179233541144e-02 -1.175407421035017108e-02 -4.642007760936534694e-02 -4.019004019771101055e-02 1.649962931935888555e-01 5.780550944736351227e-02 -7.513346426046661752e-02 1.422740814303418422e-01 -8.963720220592028692e-03 -4.381208687817896713e-02
-2.200143156665200772e-01 2.662425189338804010e-01 2.143862655345425416e-01 -3.458261539736293133e-02 -4.726348277619389637e-02 7.566796876912815217e-02 2.071163653611919897e-01 1.098865329566770382e-01 4.737288502803895657e-02 5.533712566056042670e-02 -1.207303883232318242e-01 1.327469697610232646e-01 2.082093465006081348e-02 2.921579717671229925e-02 -3.125143215087496790e-02 -1.054392206865750331e-01 -3.092360585471360876e-02 7.871639662247263691e-02 -1.354948371779794158e-01 -1.886924311677763144e-01
1.277143257069971172e-01 2.469128764728539469e-02 8.221244424096142700e-03 -3.035109856919096516e-02 7.194628208655837187e-02 -1.050966565826072230e-01 1.195354388148047592e-01 -5.165629433750353744e-02 6.771223353056063377e-02 -9.392679202267219252e-02 5.908365793271522920e-02 -1.035691590928161793e-01 1.563458647947880142e-01 -2.435181424784873261e-01 -9.147332837561958363e-02 -7.246326999966656857e-02 9.668999475816404676e-02 -1.131032028278216722e-01 -2.613367397514216872e-01 -3.841268431281274487e-01
-1.294606081099499151e-01 7.449584270260337093e-02 3.942401721365985934e-02 1.674301628216778581e-01 -3.917358389079345256e-03 -4.641665152243408532e-03 1.657643641909043453e-01 6.681992239716512405e-02 -4.495229281666461574e-02 1.175806216795798192e-01 1.378922649487862584e-01 2.568697235090374176e-01 5.786825488159149516e-02 -1.324084400759484026e-01 -1.594025110276705015e-01 -4.710656361777040141e-02 4.880331109159239539e-02 1.419509111291724635e-01 -7.885646435980395164e-02 -1.882691072988730285e-01
1.533681068228759381e-01 1.601396089197341596e-02 7.712770369621653466e-03 -2.850709253330783663e-02 6.740820132703657930e-02 1.091881231310056453e-02 1.311293051878820171e-01 -8.921513727928348514e-02 7.423794571091710259e-02 -3.450554249336081070e-02 -2.596035292485683252e-03 -6.043546319814963041e-02 1.811871120756498865e-01 -1.562840680052098585e-01 -4.969984720751825097e-02 -1.171011876044077832e-02 2.936900285036486008e-02 -1.933374200136506738e-01 -2.223882091960024399e-01 -4.466247756528064494e-01
3.006907732359757890e-02 -9.091302322591947316e-02 3.029669476116119559e-02 -1.036820485276458426e-01 -1.310951506567897308e-02 1.011591692825407964e-04 1.377693300066108566e-02 -1.612394440588580183e-02 1.123404278490650887e-01 -1.766022808331092070e-02 -1.311955437102312050e-01 -1.058342779828622682e-01 4.779492902962237735e-03 2.791245452452790210e-01 -2.681903765355921898e-01 4.910255668098917337e-02 -3.150381057684076280e-01 3.987388083530839233e-02 -6.935657590328814237e-02 -2.910659582253414257e-01
3.945359386271512364e-02 8.207624659854700563e-03 7.653386969934024286e-02 6.960719107419907625e-02 -1.227243326663095485e-03 3.684201000281282085e-02 2.753574100767784000e-02 -5.986802541508636638e-02 6.236565919396291902e-02 3.879318475408768951e-01 -2.092243540794773704e-01 -1.820330004467949625e-01 -2.707835661137424355e-01 -2.666141561462024301e-01 3.971635800568983077e-02 7.104313726956403008e-02 1.615689712110118803e-02 1.714115471207190156e-01 -1.385113927764124522e-03 -7.770932168542510343e-02
5.179485439677638213e-03 2.015214654502020530e-01 1.208882385031613826e-01 -9.238516626707690693e-02 -2.946781092883076630e-02 -1.542979091086343346e-01 -1.562287779514311414e-01 -2.212439499545682253e-01 -1.473101480829064336e-02 -6.590194955677733391e-02 9.684593353240363023e-02 -1.312288861881428514e-01 2.574427571326163081e-02 2.887174160746008508e-02 5.204700155458132776e-02 -1.726211562671159938e-01 1.765387508826677665e-01 -4.347571154215307265e-02 -1.963499752375149621e-01 -2.003067570675897691e-01
4.291132375864839532e-02 1.529958949478830432e-01 6.016039174059659156e-02 -5.064403126446537923e-02 -2.259431500371629487e-02 -1.305911656944882815e-01 -1.417291093851124895e-01 -1.742486268446798714e-01 -4.086112937276362026e-04 -3.139789859074607059e-02 1.195771162134683097e-01 -1.004331176816089383e-01 3.517600903291890485e-02 1.733766794318064228e-02 5.723649849888314683e-02 -1.877302000148665662e-01 1.918940642619066383e-01 -1.415472762579658358e-02 -1.963918291108027459e-01 -2.222047259973515820e-01
-8.071610712510550456e-03 -9.290863839851019879e-02 1.060046634910048885e-01 1.014437136988159405e-01 -1.311381494388632885e-01 1.307167079255753817e-01 -6.805359996855696314e-02 -1.263412959686255888e-01 -2.173638597289854688e-02 -3.400289294216736202e-01 -7.257552371632769450e-02 1.906240937622027676e-01 -1.674187625398917689e-01 -1.813130455989823697e-01 -5.961922851254319866e-02 -5.903222272147240143e-03 9.417862423023611040e-02 1.431041581091227199e-01 -3.722772477386861872e-02 -1.048258484391033085e-01
2.104029504317260491e-02 1.121482660420875486e-02 -9.490823185663475273e-04 4.277319561427262579e-02 7.207285746698242901e-02 5.522085320276727549e-02 2.159112935986590241e-03 4.135032772061201373e-02 4.731327181101299684e-02 -4.230709677691042205e-03 -1.829777015342403945e-01 -6.270219017634710845e-02 2.016287490653413395e-01 8.014975212734129495e-02 -6.930079419287520082e-02 -8.960337757616136569e-05 -1.784817649242625426e-01 -5.056374961936749290e-02 1.455079305627030584e-01 -5.000000000000000000e-01
1.211084992425207410e-02 8.983818190679848659e-02 -1.080012689133845460e-01 1.811300939487579115e-02 6.267627827925563617e-03 1.935003644260726852e-01 5.692193900091791631e-02 -7.745553003941094139e-02 2.119818953001808282e-01 -7.620795537087643977e-03 -6.786376824212431158e-02 -7.942736571231548415e-02 1.482159718186089326e-01 5.604734320489035415e-02 -1.647076040358717852e-02 -1.001668790059200356e-02 -9.234754975963331558e-02 -4.056455288822042454e-02 2.169029862235615225e-01 -4.297417804564962474e-01
1.208867372838323268e-01 3.727702045219807858e-02 1.347854543407726036e-01 6.305720891164631574e-03 -2.254756149566301306e-03 9.583852332318119893e-02 1.017485268762994832e-01 1.404478349379941794e-02 3.351875952629124883e-02 2.910309677798420501e-03 7.018357909225739211e-02 6.664446005879146040e-02 7.745995876316556089e-03 1.790578421834537054e-02 4.342355062893731854e-01 -1.381910015533351077e-01 -4.122389079153211955e-01 1.487319153191130339e-01 -1.205797607772830932e-01 -2.056913865574199474e-01
3.523086450677360287e-02 -1.023395978870443937e-02 4.271120272364845732e-02 7.225740188131850317e-02 -8.755371177258371163e-02 6.632079181851006922e-02 -3.045164223530796247e-03 3.532628359004181817e-01 6.157865232872474642e-02 -1.148101595057351466e-02 1.072200703226728058e-01 -2.129777250883876372e-01 -3.512776437064196733e-02 4.300523128475403772e-02 3.283164583751388248e-03 -2.936792944396219296e-01 6.093440336132872892e-02 1.590084903392140203e-02 -1.895864329055303166e-01 -3.024584870959434180e-01
1.496344247979056186e-02 1.394806296468653964e-02 6.782829294620286442e-02 8.541532716618736865e-02 1.897813827019362021e-01 1.729920885950861631e-01 -7.583318606621544666e-02 -4.970715335520073212e-03 4.723669616872784409e-03 3.003371845666698292e-02 -7.960841183313790981e-02 -8.976593338986790793e-02 3.743429849819804867e-01 -1.571326308371498726e-01 -1.467830728773756588e-01 8.741549771347209563e-02 -1.328972255489000165e-01 5.785235432166611902e-02 -5.253304743524592896e-02 -3.739626023007538991e-01
-1.238842627916426214e-01 1.400671047020219696e-02 -2.228660564603572314e-01 -3.085167107315711296e-02 -1.601978724127171849e-02 -1.360097096403485584e-01 -1.629414779459303353e-01 -1.904955485037239382e-02 8.692852476556731101e-02 -7.395307425026391088e-03 1.637462906739750867e-01 -1.875774921224310568e-02 8.963768701704374897e-02 -9.087712702474505522e-02 2.585291524776584526e-01 2.549717034652546621e-01 -3.607961470019651479e-03 1.488387591185523773e-01 -1.293121224730190422e-01 -2.251774024205277780e-01
2.986235793670492106e-02 -3.501292508366152245e-02 4.285680128101534286e-02 -2.361034787578296986e-03 1.802236813844275698e-01 2.011986377913652091e-01 -5.744035207077876487e-02 8.310288084525311106e-03 -1.912203410507513357e-01 9.070032521534757142e-02 1.414867669070756784e-01 -1.149694361887108017e-02 2.628458644242015474e-01 -1.966431662184939533e-01 3.183866984989806165e-02 2.065375292469829593e-01 -1.741051390813116995e-02 1.241083214287154179e-01 8.932333610693898862e-02 -2.949361187131841477e-01
1.190878962540561775e-01 5.218747182896865677e-02 1.572244408415591488e-01 9.600938126262476002e-02 -1.882782590387002686e-01 1.546372044771283094e-01 -2.082836350888324708e-03 -2.910695603675881107e-02 -9.697703537065080134e-03 1.189309999646015054e-01 2.237290279009062910e-01 2.345044847312751160e-02 5.453450850487615714e-02 9.961874229414394155e-02 -2.280392594831082975e-01 1.539849843844918187e-01 -1.705456044515940850e-01 1.211715243133840020e-01 -6.397479717433764146e-02 -1.898685386036920719e-01
1.184983277553512682e-01 5.369273916046047451e-02 1.379198176509135454e-01 -1.827852342383571443e-02 -3.556714283476640481e-02 8.810192807818711946e-02 9.432845024760704022e-02 1.838676668408605747e-02 4.932465413591460845e-02 -2.897928974019287670e-03 4.890005393509572196e-02 8.443747413001596869e-02 1.659201425133390723e-02 1.739964268149312918e-02 4.004747868980841341e-01 -1.517369861049627788e-01 -3.530958258321614252e-01 1.055323439847166977e-01 -1.256203611487837768e-01 -1.444487063982580755e-01
7.186025595125619669e-02 -3.722113746435784520e-02 -5.999697475191566320e-02 -1.377442875264812683e-01 9.645343729015667944e-02 -4.110046578056420624e-02 3.561303432280016334e-01 2.282194091849963635e-01 -5.150251383629025209e-02 -1.491109938532576007e-01 1.183507211643910761e-01 -6.671258032314016095e-02 -2.200401231513750278e-02 -2.507021494597488354e-01 -5.884377686181520989e-02 3.372734934266240908e-02 6.428612258616872577e-02 1.293794332634820576e-01 -2.221181003758555990e-03 -1.520690802260275531e-01
1.998075218018326854e-02 1.059915663487703275e-01 5.598806629259079487e-02 3.301339851547892001e-01 3.611515952885208103e-02 2.214841890219604870e-01 -1.363291108647003425e-01 1.989416387799592123e-01 3.080490414793966014e-01 -2.303626725736454203e-02 1.455800170040099373e-01 -2.142528518094479195e-01 4.198866043214972976e-02 5.965161393310852711e-02 -7.752301364177344167e-02 -1.526543077333803178e-01 2.800676982761703473e-02 2.459566311042224798e-02 5.945345580528484802e-02 -1.890233665683463127e-01
8.067160967236099156e-02 7.478218472895631352e-02 9.157342985198775598e-02 -7.020088521837111739e-02 -6.872301077774829042e-03 -3.790551180346143217e-02 -6.477287167457398964e-02 1.482467963294644420e-01 2.832330279956509766e-01 1.461058471846401335e-02 2.904845619369298207e-02 9.196288019440274075e-02 8.050708400963044187e-02 2.738462278099014838e-02 3.086329678193142426e-02 2.597919180935449601e-01 1.366160072127967640e-01 4.260427315248810354e-01 -7.444646775475885492e-02 -2.336249642149026418e-01
6.906125327066636732e-02 -3.863185038990904485e-02 -1.873129631194206668e-01 9.355097884129258239e-04 -2.617059721565147962e-02 4.810336905367425253e-03 -1.013973592197784518e-01 1.223232512160638968e-01 1.079404516824227639e-02 2.510136377831663768e-01 1.668434769809685678e-02 4.325200232519761379e-01 3.250019812912389311e-02 1.193937285713998590e-02 -1.022935013330562859e-01 -3.099694411893538226e-01 1.200919254599152252e-03 1.038597277972174021e-01 -1.041697513623451171e-01 -3.153505108561228121e-01
1.229509188821699822e-01 -7.616436535329380864e-02 1.647088449726880413e-02 -6.057340741735802586e-03 3.273397662596753271e-02 1.167526411650314164e-02 2.345641954229999923e-02 4.157256602387462974e-02 2.568139835907635657e-02 2.663837273841592745e-01 -1.224248962561563653e-01 -9.322636739667991557e-02 -2.043745317819702645e-01 -1.446097344577218780e-01 2.055563074354777031e-02 3.835742714887700744e-02 3.277126526949993707e-02 1.009099642085440063e-01 1.749238687443292056e-02 -1.466143615138073772e-02
1.326222522264598226e-02 -5.052272162669026873e-02 -7.997004108509811471e-02 1.401421564542004380e-02 3.311613739835163328e-02 1.042664708544826790e-01 -4.237620896411000435e-04 -5.058365835837725505e-02 -8.056609453864509163e-02 5.251230608579500470e-02 2.715043411548482832e-01 -8.197395436525889770e-03 1.046392496264462180e-01 -1.321921145035206135e-01 2.260930216811182503e-01 1.738198662466536870e-01 -1.619195263343992663e-01 2.461000903182390953e-01 -3.480205316882800919e-04 -2.023899581483730725e-01
-3.897537529107992366e-02 -2.272683860890281626e-02 -5.788345861511633855e-02 -1.042924299586792808e-01 1.633233546896246946e-02 -8.015735871246923439e-02 -1.103204984846121589e-01 1.129395367078052659e-01 2.346905027567599555e-01 -1.463379723649738638e-02 5.927740651013766598e-02 6.247787257390433058e-02 1.207613784723038514e-01 -9.835438731068552043e-02 8.691423667574876832e-02 2.934642408199730212e-01 7.344413138333921731e-02 3.523527982836682781e-01 -3.158840094270728982e-02 -2.088539660991295677e-01
1.088637954284333575e-01 2.985822438467393425e-02 1.463093346999918554e-01 -2.669377650949461556e-02 3.979497670774199969e-02 4.440642207570570654e-02 7.664467089201276728e-02 9.975684585845705221e-02 2.243806318429720503e-01 -5.676323872115165287e-04 -7.716282923732450949e-02 8.597569099616553245e-02 1.700860934728904428e-01 7.859914174412156729e-02 8.607639577659058350e-02 1.868370465953960724e-01 2.331512473372392147e-01 4.208324645764211502e-01 -7.058049381568358427e-02 -2.372242507379409004e-01
5.024848340661294127e-02 -4.799621298527623203e-02 -1.581844301810161890e-01 -1.518046777800061836e-02 -4.964706898857144252e-02 4.140681603576502889e-02 -9.768353881076291545e-02 2.057058519044100975e-01 8.119703089448518721e-03 2.438281933529252710e-01 -7.619694550008188072e-02 4.019917006090076295e-01 8.009128468621937169e-02 6.304504408981040364e-02 -3.177288510156053847e-02 -3.330825890082775853e-01 -1.266529899075167498e-01 5.627179140296342114e-02 -1.409392791087876462e-01 -2.663937603633284579e-01
8.328922458662815775e-02 8.188214479636074516e-02 1.173415695198581632e-01 9.801140887838882820e-02 -1.613599133515909445e-01 1.327115806973440948e-01 1.275634865280217134e-01 -3.857489359916944915e-02 -9.411818554335883713e-02 1.380567750388417281e-01 3.851044112540475406e-01 4.757870025124953661e-02 -5.041801394115408286e-02 7.358128602304590815e-02 -2.035512914727427292e-01 2.421482283317004658e-01 -1.411192761884046132e-01 1.528114583369406254e-01 -2.822551136877805844e-02 -2.262438740337301135e-01
1.131157006345439170e-01 6.345335470677250511e-02 1.523453102916384194e-01 -5.520184984360602953e-02 3.859473813234788608e-02 -5.545361776344052973e-02 1.776974403742269393e-02 6.614436160153906730e-02 2.884876071769791328e-01 7.732264137582094132e-03 1.490464025289158292e-02 1.360827384106536586e-01 6.676942329973811763e-02 2.867779508687871848e-02 3.319084551964752300e-02 1.524393260396092464e-01 2.130535063980792676e-01 4.243497933229779528e-01 -1.019673142588566200e-01 -2.384450097438160221e-01
6.858645890460869643e-02 7.878317242717911006e-03 6.443456221665529171e-02 4.718710293521021643e-02 2.156728649477459344e-03 5.442220018416568661e-02 2.715795923172610853e-03 -3.672828544671476181e-02 6.320207767662304466e-02 3.954544214430427140e-01 -2.150300299724188513e-01 -1.680570413246405548e-01 -2.916397112319839002e-01 -2.670303865494844664e-01 4.608857468639285943e-02 8.628846516444614589e-02 1.567515719600149487e-02 1.806942110683701641e-01 1.293442621583116257e-02 -7.231422503228077114e-02
5.200580116991850715e-02 9.845972033805960345e-04 -1.527597997455034697e-02 1.710991570912727688e-01 -5.740152153899187593e-02 9.558806411204978648e-02 -9.223747162402193278e-02 3.916339301441140175e-01 7.132700055600356415e-02 -4.883034864592294272e-02 2.293517713032850458e-01 -3.129865126618344151e-01 -6.830426026122329852e-02 1.377422169723799099e-02 6.898301400221846895e-03 -2.611506056312971613e-01 1.928857955008196901e-01 1.213719257893987047e-01 -3.368047455125141448e-02 -1.828066080490100276e-01
1.277783288689784275e-02 9.841244758051767572e-02 -1.139866143636225071e-01 4.267314801859152518e-02 1.469169247348941880e-02 1.504913629007431086e-01 1.453652964454002772e-01 -9.524006031305538855e-02 2.316323061872329059e-01 2.182623177470707429e-02 7.390422304861948843e-02 2.892945878718513469e-02 -2.809196975514850758e-02 6.109534062138119448e-02 5.313869375676480433e-02 -1.349205644286992876e-02 9.756132982461182546e-02 -3.738010592693595535e-02 3.845772486579305816e-01 -4.575842117499759332e-01
2.951859078688660876e-02 2.757980566280241949e-02 3.287268940954762159e-02 4.407426839707188904e-02 -9.795329438841557379e-02 9.396253469888350696e-03 9.655594149428460907e-03 -2.245768526086003303e-02 -3.572261415670710278e-03 1.017411824518027197e-01 3.141959149067928836e-01 3.759539938839593504e-02 -4.615527887718306327e-03 -3.254954499080367492e-02 -9.687904437950532743e-02 2.926760924072436265e-01 -9.802311886527088902e-02 2.742102985366059453e-01 -4.472865146048439489e-02 -2.131139575715589041e-01
1.075995117194998851e-01 -5.709900762620618436e-02 6.955225020674078544e-03 -5.061012627405867687e-02 7.557904288493615119e-02 5.803216005876791345e-02 -9.633491328444632185e-02 1.589609689237798662e-01 -1.207296573980951582e-01 7.956409961392840735e-02 -2.584180959854753129e-02 5.938388590384998528e-02 1.285846571829028784e-01 -2.358035730632250960e-03 8.094810826072014465e-02 7.323231909643507231e-02 7.762326907202105053e-02 6.210424329300822527e-02 2.256810988635505055e-01 -3.802663164722819289e-01
2.400785649011772868e-02 6.721504547015004494e-02 -7.133111074297641963e-02 3.905072557694599239e-02 -1.488513766791526791e-02 6.540213706729663956e-02 1.392624845592718708e-01 -5.885990104202561135e-02 1.576400306613471025e-01 3.378317250744516248e-02 5.421704970481884545e-02 1.610153320863063828e-02 -2.145392089993660920e-02 4.790241077898324540e-02 5.119289195965195938e-02 7.101953197782422122e-02 2.932644391160634662e-02 -4.230146160422228185e-03 4.221723900960085984e-01 -4.577326980690423763e-01
9.638394490163217088e-02 -4.082673334338408899e-02 2.708357704442733785e-02 1.819923962031956277e-01 6.103525290303995349e-02 9.319575819215505930e-02 2.084788619258637066e-01 1.246908676257040514e-02 -2.666396939909443375e-02 4.856683197505921867e-02 -7.803180110832894090e-02 5.512946211306086336e-02 1.230273156298090503e-01 2.100034217371311296e-01 8.199260631060438509e-02 -2.098918642659091185e-02 3.049682169567129453e-01 4.100857293001085035e-01 -9.657768313209186273e-02 -2.012187825376473560e-01
-6.451069864710400059e-02 -3.117194180777827645e-02 1.800207953182960119e-01 -1.539879283935177423e-01 2.791835378450385763e-01 8.295462889356639002e-02 -1.452199101318140118e-01 -3.006962900323187360e-02 6.590994531246713306e-02 7.263814452041352648e-03 2.518373671978912931e-01 3.280199969396937337e-02 -1.888757125638106382e-01 8.626274906432060408e-02 1.300194719654580375e-02 -1.971507355103958026e-01 1.646423663331150478e-01 8.648130185975133610e-02 1.103116477245102561e-01 -2.271137331396988479e-01
-3.356128052203994705e-04 7.559225042384855320e-02 -1.356651857031940245e-01 4.068633719986183839e-02 1.891129973367067230e-02 2.200512257184042419e-01 1.247066395219186830e-01 -6.194800998402408276e-02 2.256328465752969470e-01 3.578146336777115327e-02 8.654571986585277155e-02 3.611253610477605652e-02 -4.454717910987765483e-02 8.231101292986472973e-02 6.447000910187700162e-02 -1.905314756654700667e-02 9.415665447356823259e-02 1.620300325179386755e-02 3.665589594685003116e-01 -4.166292856461299432e-01
6.539089626585041504e-02 1.616912789802278649e-02 1.317245905002206730e-01 5.943524159174858740e-02 1.110278457141524941e-02 1.809673742025438500e-02 1.291548815960726904e-01 6.088092807303205865e-03 1.001546502584063636e-01 3.132092000328559611e-02 -6.223428333232242093e-02 3.069295974412968031e-02 1.558544698554100438e-01 1.694784967702394340e-01 7.769489310436704377e-02 3.027258612267778870e-02 3.044473630934588781e-01 4.570295335403156689e-01 -1.038717506139266999e-01 -2.178879222635395074e-01
5.860554300631764385e-02 -1.613532437413029916e-02 9.103503405750786037e-02 3.119434540912451037e-03 -4.035316591442258960e-02 -6.892750939754714590e-02 -3.678721811145329972e-03 3.429159384416104184e-02 -5.204859737645618073e-02 3.036659379175990145e-02 1.255350247770900367e-02 3.568491555579454688e-02 -2.403807185338340327e-02 8.462478581090447649e-02 2.294197585279384582e-02 8.675390994403292533e-02 3.316540886008190192e-02 3.423027342523591015e-03 3.396007215957939085e-01 -4.047587619673800874e-01
3.940420131322397435e-02 3.371336665625942336e-02 1.284215242430262471e-01 8.493371273280719835e-02 -1.841346502573245475e-02 -8.483108295227140272e-02 8.499234161296439355e-03 9.275006917017276920e-02 -5.577412535940130811e-02 3.760233550596172453e-02 7.860712932758848193e-03 5.914111741858891352e-02 5.036815741799097884e-02 1.991181775504966001e-02 1.141268258980313033e-01 4.405691961130889234e-02 8.777253018939433493e-02 -3.914374479113394423e-02 4.861186274337382929e-01 -4.761531244312128819e-01
3.810646329529310955e-02 4.083797549613324418e-02 1.381496446373308429e-01 9.492511988769562759e-02 -1.989222681170503548e-02 -1.043695820398450047e-01 -1.623071590497450435e-03 1.025653218937284950e-01 -4.385543863051440117e-02 3.019560413072467156e-02 -3.490429310161699463e-03 4.702117597791954928e-02 4.491126524999558556e-02 1.445858352168315382e-02 1.042914276035334098e-01 2.097233574722281307e-02 9.605290523103048039e-02 -5.510457910942229143e-02 4.803394620432972495e-01 -4.678835112685773567e-01
3.419284326055944956e-02 4.655258938692521248e-02 1.089307055983129296e-01 9.813693918476154576e-02 -3.452730670743900387e-02 -1.091795418533175049e-01 3.970749375829861483e-02 7.193801091874395259e-02 -3.168454082155584828e-02 2.960981024188114388e-02 -2.982590969481473207e-03 6.288087056660192353e-02 3.870510244753845586e-02 3.646208480799266460e-02 1.110583263048773445e-01 4.501018295040660339e-02 8.545831559042293968e-02 -6.088367298036145153e-02 5.000000000000000000e-01 -4.694944080698558175e-01
2.068659528576142700e-02 5.974437650013002948e-02 4.647264405401782539e-02 6.215879623025880735e-02 1.203545732044850047e-02 -1.282620154899657798e-02 1.016675445684759177e-01 8.810490773719162338e-03 6.595258383725140228e-02 3.617944824852354496e-02 4.596343474871047302e-02 9.742801861236891070e-02 -1.760091553685189450e-02 4.022168126789336939e-02 8.852344552963793689e-02 -1.290680638814912552e-02 1.211876402374145872e-01 -4.652529634209928017e-02 4.189593556937515895e-01 -4.502371368253899608e-01
3.000749040435275045e-02 1.511977545068749797e-02 1.280706349024618440e-01 5.188489250082638227e-02 -2.341345740705747663e-02 -7.255014603284194730e-02 -5.512128158605507366e-02 1.305295399025099834e-01 -1.221185603045307072e-01 3.437145975682436710e-02 -2.539758200746115510e-02 5.365393640277940634e-02 8.980742445216993719e-02 2.006858480122179766e-02 1.148698074874994340e-01 6.701931376745362545e-02 7.792622945876050145e-02 -4.860797108883421758e-02 4.304523546355955022e-01 -4.351359851386810140e-01
5.138138755088453302e-02 1.686424572889880583e-02 1.543004553454156991e-01 6.523395737301319885e-02 -3.379708627481946281e-02 -1.043570190417043853e-01 -4.425904736704194820e-02 1.057801457292433522e-01 -1.079719762961044299e-01 4.886738745648809557e-02 -2.749927345691181944e-03 6.165083094752166898e-02 8.514111540628538366e-02 5.676422712817297787e-03 8.839796466325067215e-02 7.713269909114151002e-02 6.542371324609118355e-02 -3.565100593844737487e-02 4.542757128494133156e-01 -4.695104656177425673e-01
3.496825163975722517e-02 6.728837879176650938e-02 -5.120136041206081734e-02 5.411095837821718740e-02 -4.572743701595270369e-03 1.711183269453942293e-02 1.371591934795639012e-01 -3.392769552324133298e-02 1.122844744749626616e-01 -4.739130501704620808e-03 2.498306177994452648e-02 2.836188451301914840e-02 6.520904581754657578e-03 3.072433296424274124e-02 1.002622742185387134e-01 4.523618487190118193e-02 1.033525158385308895e-01 -8.281259034596819002e-02 4.098778538949470751e-01 -4.221493922513174790e-01
4.508624137545957922e-02 -1.043358161136585978e-02 -1.203859787298928452e-01 -1.127030555905260412e-01 -7.814804299124396281e-02 7.205628466624514061e-02 1.682199399272178986e-01 -1.072971807608475159e-01 7.265532932737116256e-02 1.333488082627246052e-03 9.106096972470595352e-02 5.131573684194729035e-03 -1.405446839622848942e-01 1.718335909233829895e-01 -4.349895157890817238e-02 1.257449518473236771e-01 -4.930877344054859779e-02 1.658935106708300106e-02 2.388909472106948706e-01 -3.195276368312566784e-01
-2.067490527258594377e-02 4.242711851177781435e-02 -6.366626830318410091e-02 -3.159064603248453590e-02 2.115778061845051666e-03 8.536202709670715968e-03 -2.350710079741401975e-02 -1.420454125383258936e-01 -2.222093301747665450e-01 3.969331022556863570e-02 2.870254839932299268e-02 -1.508008723913673021e-01 -7.650250698862296091e-03 1.950848234712619367e-01 8.543709598799895111e-02 -1.669591021868057912e-01 2.482884939862661233e-01 2.830841247866903720e-01 -7.651950624751863161e-02 -1.531227050710257664e-01
2.770509265723676909e-02 -2.296114129462892631e-02 -1.918014903961719544e-02 1.075796810485102201e-01 2.560654837303084908e-02 7.599224044874455797e-02 1.294474626268335149e-01 -7.944354306366377405e-02 -1.623392128539334900e-01 4.534192976708954770e-02 -5.262346321320725273e-02 -8.506099712354289744e-02 1.011746691571723117e-01 2.719266073901733249e-01 9.627148819724540285e-02 -8.401574142242183851e-02 3.106210547311586412e-01 4.050954595492901600e-01 -9.141239838830797493e-02 -1.663633177001436203e-01
9.755097597367713702e-02 2.362531493543940375e-01 -3.382374072476528049e-02 5.377797167722444573e-03 -2.217646588480039899e-02 -4.322977491321190204e-04 -5.317005468224376280e-02 1.867523629993033119e-01 -1.912697672323290798e-01 7.848624204272769411e-02 1.157290353992528747e-01 5.045316985096208462e-02 -8.663644861827954347e-02 8.212481999716683689e-02 -7.221169732391655161e-02 1.797529903222047643e-01 -1.478980731110709351e-02 1.134684174144776347e-01 1.960566369747335572e-03 -1.244918933327601451e-01
-7.238515372028961337e-02 -5.180328919903667839e-02 9.665385274124629889e-02 -1.170624232704733092e-01 3.376133026637753720e-01 1.533171875321619748e-01 -8.142475864488461779e-02 -1.240972306359680068e-02 9.850345112732709907e-02 1.041722916299344104e-01 2.075657884411682419e-01 1.651072720392581239e-01 -1.540563575490425385e-01 9.470940250506433566e-02 -2.691088333538768640e-02 -1.214654153450926422e-01 8.563950809960506338e-02 1.099896781372271121e-01 1.770321967597366097e-01 -2.530255353723283585e-01
1.999041318641618312e-02 2.254605194364664444e-02 -1.558448286008103367e-01 1.148263313859578805e-01 2.866404435056140593e-02 8.867510589639962526e-02 1.437259887893813648e-01 -4.503396653642895847e-02 -2.057885266357206977e-01 1.114102460400161615e-01 -2.835356435013709070e-02 -3.298153258518397857e-02 9.357271499805805415e-02 2.146377236831356339e-01 9.753272219500823403e-02 -7.080148866172411570e-02 2.356868602212462693e-01 3.500092054782616979e-01 -7.194720854416584988e-02 -1.429919663437106692e-01
6.183727229520051549e-02 7.281282782709024362e-03 1.622986098971125057e-01 -2.426811156605544403e-02 3.302118716882618266e-01 1.636050964068769820e-01 4.783468908001622250e-02 -1.941086721934798948e-02 2.416990772249264299e-02 8.930184867628679357e-02 2.523526517562626470e-01 1.385825584918790598e-01 -9.390270399641426069e-02 5.300257106784465877e-03 -6.627286373847479477e-03 -8.363449261227380582e-02 1.146089971641757049e-01 8.392110774822536534e-02 1.560837751118946126e-01 -3.408496553157221443e-01
