-2.807695569413005965e-02 8.581266189321652693e-02 4.907361644328597783e-02 1.303238468997568872e-02 -5.978369512746967152e-02 1.331788424951574901e-01 3.941785648939313477e-03 -1.100545997341656652e-02 -5.782930179050101149e-02 1.228569760078321998e-01 1.857142141902040078e-01 4.391091297689317385e-02 2.170635313032212230e-02 -5.161941108696461306e-02 2.659263322243827013e-02 -1.634285195793818216e-02 -6.543139074188224213e-02 5.636142772871085074e-03 -1.495702382964094780e-02 -7.005557615631489987e-02
-1.838501178233184485e-02 7.398169019197561869e-02 -1.849967209439736249e-01 8.731192652002593702e-02 3.976039954405302668e-02 -1.034351479757703030e-01 1.583115522989402002e-02 1.683074205349264357e-02 -6.462278488763031903e-03 2.857062778010543980e-02 3.775386965569876851e-02 -6.175201637466490312e-02 3.632964936577430526e-02 -2.511360169191660663e-02 -5.774260425760058962e-02 -3.319360450528419798e-02 2.002103367653125521e-02 2.304331031444600483e-02 -2.017450441863170574e-01 1.375299092048902494e-02
2.233802468435418243e-02 8.945904313030550448e-02 2.789728324809469251e-02 7.144011513070185060e-02 -1.146199578882675235e-01 -3.109966532595309641e-02 1.515459591873294931e-01 -3.449139452151684521e-03 8.178731898837129921e-02 9.037755275087476503e-02 6.515323452466884047e-02 -5.750710734927860085e-02 1.885652037860785502e-02 3.697956731552168308e-03 -6.833011395596005899e-02 -5.924835747260956409e-02 -7.005948998165910380e-02 1.250218677927431021e-01 -1.998301756904643789e-01 -9.631424368933605429e-02
-5.783605158852677536e-02 -7.411219756282860782e-02 -2.222695618843457954e-02 -1.257424487368940524e-01 -6.477574264369768964e-02 5.904552068271187726e-03 -6.122199746025247524e-02 2.891062463829781326e-02 -2.210955239241041426e-02 1.121330017845162119e-01 -4.263242118163755590e-02 1.201616461420845633e-01 -5.030729292291880039e-02 1.966161963260296824e-02 -1.975602853252999419e-03 -3.756681978497140029e-01 1.508285432844147234e-01 -1.534329173587184736e-01 -2.931980906683055374e-02 -2.431238468170013323e-01
-3.107509255473880905e-02 1.135825113552638432e-01 -9.889990684267657706e-03 7.004651649344181830e-02 -1.166351938890215767e-02 1.494466765761436333e-01 -1.169149396940789981e-01 1.326581471425282155e-01 1.218593778590833787e-01 -4.954688932563203196e-02 1.907325875831583639e-02 -7.094902244558823345e-02 1.312791441742990756e-02 -9.132793239347555825e-03 -5.745493462213896452e-02 -2.864426196635919131e-03 -4.973090359071313804e-03 5.065986629100217853e-02 -3.612718007720197577e-02 -2.126715897250873455e-02
-1.798819003827676344e-01 -2.508207500550793112e-01 8.155120484629654887e-02 1.630386735676832566e-01 1.561378212548805988e-01 1.896776624283530444e-03 1.077994640623740064e-01 5.493333642858939242e-04 1.155858571365337983e-01 -1.336424780133665946e-02 1.514653537996201171e-01 -3.514160495588017352e-03 -3.062213786773082536e-01 1.031128128305330155e-01 5.493253213187217904e-02 2.341500857678874281e-02 4.886098364402263056e-02 -2.192621205407093918e-02 1.030856057625060022e-03 -2.414066815827718704e-02
-1.758007891072814466e-01 -2.588992091335631796e-01 7.795663689073877023e-02 1.461509801624611693e-01 1.317298700689663593e-01 -3.418636072769293266e-02 5.700997483952339323e-02 3.047307169002142629e-02 9.071644180739375785e-02 1.405199318504467276e-02 2.048320125995439778e-01 -5.069502301236799430e-02 -4.023551603294253098e-01 2.053497245450229824e-01 2.804260129240590885e-02 4.520982136836577264e-02 3.819244944175959056e-02 -2.105714989187050523e-02 -2.944025307095961275e-02 9.671196394815811948e-03
-5.338488464284215501e-02 -1.018722509648234686e-01 -4.445830428250911043e-02 -1.492629794135956756e-01 -5.878179315225648405e-02 1.017820013738006679e-01 2.957030430893322487e-02 -7.128877240274794636e-02 -6.394780670155603142e-02 -8.161026603673356139e-03 -7.506183048732410767e-02 -9.584020086901810787e-02 9.363793935522381207e-02 1.272945234610324827e-01 -5.472320058612964444e-03 -1.543979656422412305e-01 6.472561543357280289e-02 -5.758234053996473534e-02 8.575126321856188505e-02 -3.207193717313469583e-02
-3.926264002286552340e-02 7.519601815754067831e-02 3.586219051807924829e-02 -5.385413595260351433e-02 -6.387091869018296508e-02 1.851636213475961190e-01 5.186055037366167630e-02 -9.311309840241524527e-02 -1.888729031284586690e-01 2.222220542181543856e-01 3.636720890797330297e-01 8.979003214114307518e-02 2.533324113306763270e-02 -1.488226558380288667e-01 1.081269121173956821e-01 1.321529593359676846e-01 -1.072564024333869104e-02 2.296747629665862878e-03 1.468789839730849298e-02 3.941213882534938540e-02
-1.373100449140748081e-01 -1.943239789498645287e-01 2.787657351841751896e-02 -1.857068386062691104e-02 2.993757046712785391e-02 -6.262225405545655821e-02 -3.988035751587874073e-02 5.850131076292131721e-02 5.136511802246292169e-02 8.234855030821930377e-02 9.589530687465798453e-02 1.508610033339450110e-02 -2.377041755237712106e-01 2.131843757369928372e-01 -5.355352431525050444e-02 4.396997626219437821e-02 8.926229138770050073e-03 -2.069969464516699734e-02 -1.033368052962655576e-02 1.442023305258309691e-02
-1.616253629584659679e-01 -1.396579087559036148e-01 5.928355767911652752e-02 2.072880802274829348e-01 1.422000962642343269e-01 9.294864012986386870e-02 1.073214266115785076e-01 -5.737704855692139783e-02 -1.449223997107373582e-02 -5.151857097406306596e-02 -1.578550936447330466e-01 1.090925545581158951e-01 2.451656797043339497e-01 -2.394051032796263856e-01 -1.548089304791087743e-02 -3.662075150344735325e-02 7.699603693876430621e-02 -1.052998400736528117e-01 -1.592050928811336585e-01 1.738657294370197226e-01
-1.825390907662959861e-01 -2.373143513580409647e-01 8.523239474705393559e-02 1.814459546678428847e-01 1.522131831664970125e-01 3.171477365004624072e-02 1.228207964856604800e-01 -3.133349454617743307e-02 7.411584565301074234e-02 -6.703056833803024139e-02 3.885196824184471154e-02 3.196895684000264359e-03 1.185359382958698499e-02 -1.544444531085721606e-01 5.530815624655393420e-02 -8.802591453449207237e-02 -3.742358958011535869e-02 7.839331662390959521e-02 1.064757196077265877e-01 -2.997080728282670165e-02
-1.783642060771158944e-01 -2.016002139581261343e-01 8.092465831880345239e-02 1.763504313207426843e-01 1.422797464260394662e-01 6.857063393874815449e-02 1.340897666184861226e-01 -6.002682374751162897e-02 4.221847109465644288e-02 -8.067444926274125461e-02 -7.937960456367361417e-02 4.915128152536701878e-02 2.722679446239743561e-01 -2.887650700889441424e-01 2.829991020696538337e-02 -1.285663896082758773e-01 -5.225125361613904007e-02 7.482644491177682655e-02 1.110036785050718816e-01 9.839602797215752858e-03
2.244757390030645283e-02 4.742627650148276142e-02 -8.896086774886181880e-02 1.531266416988666668e-01 -2.838157929099753840e-01 -1.485979418811321229e-01 1.945560062876273699e-01 -2.666870366008050261e-02 2.167987511993908767e-01 6.685276874424674054e-02 1.239158705205511413e-01 -7.274555546104539971e-02 7.327024468322199113e-02 -2.564700679770024611e-02 -1.527421497164553332e-01 -5.272005810417923488e-02 3.323079168232601077e-03 5.513888783222136575e-02 -2.458940229751450657e-01 -1.065671605916258813e-01
2.716452292106867616e-02 1.453515828544113542e-02 -9.065333832559255289e-02 5.838083905172943011e-02 -2.286667312620326853e-01 -1.264199845723198989e-01 1.711716716404194649e-01 -1.319072207091325638e-02 2.019889057158518186e-01 -1.192520650268293070e-02 8.257927010951664204e-02 2.637657330502565442e-02 3.711784392667497046e-02 -3.801521805253443853e-02 -2.085992135225519795e-01 1.444717199054890433e-01 1.862624948659730717e-01 -2.328619656301910146e-01 2.890901758302547586e-01 1.468906607273121230e-02
-2.856876823789187073e-02 1.150989786596007536e-01 -2.697409298489475415e-01 5.267859209541901622e-02 1.775623790242864264e-01 -9.630130257396929405e-02 6.859565704322979039e-03 3.109772129281640138e-02 -4.153438699524728689e-03 5.135650014380092193e-02 5.962062346996306605e-02 -5.363377271877207281e-02 5.300802144813896583e-02 2.389485067776964122e-02 -2.433715972238454511e-02 -4.396576922191916537e-02 -8.340101753835423709e-03 1.154131621713531258e-02 -1.145178328532948236e-01 7.662418015569316936e-04
-2.854768696812555462e-02 3.805533528901874907e-02 3.674808795659244287e-02 -6.541772146254123954e-02 -4.222913558024085634e-02 1.285009058786064362e-01 -4.610053976803564491e-02 3.788232120982357176e-02 -3.537768393544978018e-02 1.023933247963144250e-01 1.195941921859878798e-01 -2.971199932470604266e-02 1.708299887978398379e-02 -4.151413088912043331e-02 7.255020752863795830e-02 -1.170385248932982458e-01 5.426170357456636117e-02 -1.019771299508661772e-01 -2.559424200490305334e-02 -1.100842622328534470e-01
-9.441348684126765756e-02 -1.143745306228841491e-01 -5.336995631331462736e-02 -1.587528628021247779e-01 -6.722240927803356525e-02 6.518181546086120048e-02 -1.293907757751225004e-03 -7.747772819430755187e-02 -5.292003225906685704e-02 -6.882604158351816881e-02 -5.116418287672953868e-02 -1.157663783035408622e-01 1.530282926795355769e-01 1.435396895506048653e-01 -7.306515834119486907e-02 9.703011595830195180e-03 -8.823199092634209650e-03 2.750910533452124648e-02 4.609321702094484191e-02 1.488678368935756058e-01
-1.477914828698812522e-01 -1.815636926306839760e-01 4.118165293273375049e-02 2.623559872546670640e-02 4.037549323874107393e-02 -1.419597237304547066e-02 6.323353309080742210e-03 -1.065032333239811745e-02 2.669161570779871040e-03 -2.520262105432225647e-02 -9.155148074961545757e-03 -7.257983975674837940e-02 1.142516006478323382e-01 2.097357662535558401e-02 2.350030570286659737e-02 4.375325835443518580e-02 -5.072548090895922374e-02 3.610982414069631441e-02 3.596006310441112602e-02 -4.225757986749638373e-02
-1.613318333653558645e-03 4.982292183291959359e-02 -7.933805997452229863e-02 1.729151145922946942e-01 -2.334158765589788298e-01 -6.948028871483558078e-02 1.269005464577464826e-01 -4.844947729243397061e-02 9.302240357063266962e-02 7.822696023712757962e-02 -3.842160427269060430e-02 1.596024904353230203e-02 2.478188843183013607e-02 7.397809587028165990e-02 1.459778608478655981e-01 -1.754590172249247404e-01 -1.802952248984064365e-01 2.275621717765169971e-01 -3.327537941907637853e-01 -6.562243213024951394e-02
-2.353910905054050831e-02 -1.051243416100917927e-02 -1.366894896149380700e-01 -7.362640068458675691e-02 2.703999276720275846e-02 -4.293534425820741407e-02 -5.134504998780399510e-02 -3.072333242372405140e-03 -3.739647707454896858e-02 -8.085328776419938024e-02 1.287687194225138609e-03 -2.171074204654560233e-02 -9.387164875236050920e-02 -1.100601067750774237e-01 -3.284875594445146874e-02 -2.578051356467865596e-02 -5.701740444904852823e-02 1.016419383744322641e-01 5.671731724364747346e-02 -1.275347483796910458e-02
1.230508719070546458e-02 -7.541641840346999248e-02 -1.812685177992528693e-02 6.602345118236553623e-02 -7.542762449655307511e-02 -7.067286552088442031e-02 -1.513801192018530417e-01 -1.739868569549680999e-02 -1.291045787720074278e-01 -1.701821968609862623e-01 -1.001332164485903113e-02 -1.469982101530365459e-01 -1.652361721613757328e-01 -2.864800165089491091e-01 5.353089375516620341e-02 4.135228225747534375e-02 -1.245949647310819891e-02 9.741392521541344940e-02 3.888757855098182170e-02 -1.200777462618211056e-01
-3.691289751643209160e-02 1.325433050190552575e-01 -3.250047806386606730e-01 2.350864685942177443e-02 2.762769018044655134e-01 -1.123165325721706687e-01 -1.656082416723996323e-02 4.441931935114121210e-02 -2.941264725903921032e-02 6.381977259729267049e-02 6.902787194411247329e-02 -4.162650948181622484e-02 5.031539983331848043e-02 2.542119800493140153e-02 9.266187023332858597e-03 -4.743667013694031348e-02 -2.736006163936365379e-02 7.663144506463277772e-03 7.502283321157132701e-02 -9.710995414018451510e-03
-1.086556782300202306e-01 -1.286463370879127599e-01 -1.898434139904554147e-02 -2.651124234898930010e-02 -6.733295207917791569e-02 4.017331296259533946e-02 -3.423700416099363653e-02 -5.166714103649074769e-02 -1.107504546604388962e-01 -3.774411493778189602e-02 -1.043632467141377557e-01 -9.910693887302188254e-02 2.675841256828125903e-01 -8.053052974890655830e-03 -2.975598401291646572e-02 -9.055027277301769262e-02 5.259005560498951348e-02 7.586919231642762391e-03 7.853374143048413858e-02 1.604959240498026740e-01
-4.134922966686538359e-02 9.981504345702241210e-02 5.459867532718896965e-02 -2.613314933714457750e-02 -5.996382625622663498e-02 1.087869565306348041e-01 6.874383857761506844e-02 -9.885456837543504793e-02 -1.591823809706609250e-01 1.595496466032543803e-01 2.546530188707903930e-01 5.870078784203738159e-02 9.874568928557883596e-03 -8.910198308552091939e-02 1.128865978294471828e-01 1.048243167596150383e-01 -8.404125393931712040e-03 4.329108726379041205e-02 3.593273446212072453e-02 8.772314806993755654e-02
-4.498424946752435649e-02 9.428617473783433567e-02 -1.007215876997629156e-01 1.071022836998294786e-01 5.869421790792886395e-02 5.369586889241222821e-02 -4.472436491639215916e-02 6.345121906512302123e-02 4.956744871652463136e-02 1.807410178000692924e-03 -2.727714963670436685e-02 -1.113327896833152253e-02 4.861705100616504210e-02 2.619772533587553728e-03 -5.588112064156604275e-02 5.643389591694712715e-02 8.484071404186845078e-02 -8.762463331831744917e-02 -1.649808840805566390e-01 4.980387871709202052e-02
-4.238939039133667042e-02 -7.567573769769178615e-02 -6.374975031223548139e-02 -1.437800099829195655e-01 -5.209504255977955023e-02 5.361717792726126974e-02 4.763313493203256803e-03 -5.571682006133174547e-02 -1.592424325669838936e-02 -8.352868942775307226e-02 -4.171385987968505293e-02 2.214679955559472821e-02 -4.440250455456176693e-02 -1.115809873919966499e-03 -2.252296750873159642e-03 -1.948947306568520610e-01 -4.675315789493922694e-03 -3.406755616253601127e-03 2.516163039651420422e-02 -9.818588456084484384e-02
-9.283087281200466667e-02 -1.271321432082254399e-01 -3.444712978879782561e-02 -1.175564661006822942e-01 -1.334433231371122408e-01 -4.222184988908415926e-02 -1.853510318480878494e-01 3.659144921178533738e-02 -1.758629441008023042e-01 6.732921426159070577e-02 -1.327020488693286815e-02 -1.497047062402724615e-01 1.131336096783453898e-01 1.870653331380106310e-01 -1.308266380766793802e-01 -9.461915480892351543e-03 4.068928225321723907e-02 -2.825773028788509597e-02 -6.491108994292983658e-02 1.848939244874340249e-01
-2.747946051268384399e-02 -3.791317231817631361e-02 -8.838818758495617378e-02 -1.030351194045221741e-01 -9.894507405283534118e-02 1.021284232775822309e-01 3.297480822087042046e-02 -1.176589393870154931e-01 -5.312735276236588144e-02 -8.010603232456217637e-02 -1.054819003939543171e-01 5.882433596175198898e-03 -2.142683525801449690e-02 5.097955603502576927e-02 1.417125725573710193e-01 -2.229337035613407902e-01 9.354157513861628692e-02 -4.491388329284875386e-02 1.189618834808026382e-01 -1.465863270462422485e-01
-8.924907840391389791e-02 -1.473604930493395693e-01 -2.208925033905221463e-02 -7.577130569615467270e-02 -1.150968646044107091e-01 -7.046921552471052674e-02 -1.759843170971452653e-01 4.238806744727691145e-02 -1.715372909398201751e-01 1.916113422311594913e-02 6.134362916050743048e-02 -2.176594052204245677e-01 3.089510179799838385e-03 2.376869310413005920e-01 -1.366799060046543501e-01 8.136589084027850277e-03 -3.608723823927385832e-02 1.825080160115723216e-02 -7.827231816882927740e-02 2.583570025442567530e-01
2.010312452398866495e-02 1.053790627488122855e-02 -9.292287467640955589e-02 1.031470407520905103e-01 -2.758243618776157202e-01 -1.612639743820349081e-01 1.450404883934129086e-01 -9.204211646643461336e-03 1.736525804780925941e-01 -2.703704370769625942e-02 1.163751323516325487e-01 -9.233693082465252444e-02 5.324606720932711923e-02 -1.121206875808716669e-01 -2.655876225868866736e-01 1.301486391288382560e-01 2.254621369568926004e-01 -1.774009530072790664e-01 2.099361233159440787e-01 -1.294144281229897553e-03
-3.661960620085530360e-02 1.200119726283991328e-01 2.985438937737366558e-02 6.295931862451545347e-02 -3.167014677609172879e-02 3.025884254029462817e-01 -2.401493185415438103e-01 2.570876674372594151e-01 2.788194526332848922e-01 -1.024106184321115776e-01 4.584080327760096940e-02 -1.041691995069935345e-01 5.175412208191507157e-02 5.597303820505574595e-03 5.829975697246651822e-02 1.412844690340875342e-02 -6.855364079066048055e-03 -4.805245234087894557e-03 5.384530141844993956e-02 4.872528588768336444e-02
-1.127358653121221105e-01 -1.090518372325037788e-01 3.168504859120558487e-02 -1.002707219109973125e-01 -2.088406044907896442e-02 -9.098411306481141159e-02 -7.769611215710747754e-02 4.350208972567606858e-02 8.665569327264283084e-03 5.557752748243501018e-02 -7.559420702735608621e-02 -2.680713728024778156e-02 2.221496824748576127e-01 6.981727771601047017e-02 1.690251435727672252e-02 3.399332639982566295e-01 -1.940165232522866046e-01 7.002020958780107163e-02 -1.182159726959926098e-02 -3.386764839334733268e-01
-1.148122232252789254e-01 -1.341784323745485730e-01 1.413454385311225560e-02 -9.939814170735375431e-02 -2.537401304174559391e-02 -7.595370507591757414e-02 -8.229564438605391219e-02 4.702017641208223325e-02 6.970958945867689049e-03 7.272269802308453657e-02 -6.942683941202194842e-02 3.100971890755815138e-03 1.875069043142703340e-01 8.670133522022707706e-02 -2.796328962540048368e-02 3.049664193263904033e-01 -1.917729280116459711e-01 7.606214757963040973e-02 7.216688688616711145e-03 -3.080770752583607552e-01
-5.287347459373202552e-02 3.785360392190466328e-02 2.424667055206655708e-02 -8.168448130010275143e-02 -6.845470313423009101e-02 1.654970351056435363e-01 3.521116246102878183e-02 -1.022690003787217750e-01 -2.113350709865486066e-01 2.027729159550832050e-01 3.312113092395467806e-01 6.067106948630780067e-02 5.344250897768947767e-02 -1.131254175868686707e-01 9.889243498745137195e-02 1.208722896053042450e-01 8.578006054225095767e-03 3.166294152302961962e-03 5.490874907832091201e-02 1.031399626837152805e-01
9.064017541698796143e-02 -4.965858048166915673e-02 -2.451803853280712722e-02 2.342597592759068995e-02 -9.991331458449433101e-02 -1.039784661288033485e-01 -1.125940041082398729e-01 3.527242537926796040e-02 -1.272247588739439661e-01 -1.924446814327041011e-01 8.462853911427542508e-02 -1.091369664198836853e-01 -1.178313737510640474e-01 -1.553368606176327438e-01 -5.137336996451050131e-02 -4.679224239387402839e-02 -1.838102149361981463e-01 1.064662462130964438e-01 -1.068976192943903447e-01 1.380684639303532413e-01
1.526153536756724716e-01 -4.527047835083131133e-02 1.018771908596918449e-02 1.257063082758605455e-02 -4.064659774075644882e-02 -7.341617612403614213e-02 4.441306699040829808e-02 1.979415992027142301e-01 -1.687030027054695347e-01 -2.530408818331453258e-01 1.096501662712717623e-01 4.150583102525545048e-02 -3.537144939814724359e-02 -6.958400672486703131e-02 -1.902029255860615900e-02 -3.468902261602374582e-02 -1.695750720029244596e-01 1.452328649700836138e-02 -8.287749810696784514e-02 1.175830330292546161e-01
-3.300367568164096210e-02 1.370299353094263650e-01 -3.417677936070663280e-01 7.121855132557027707e-03 2.861072040622335000e-01 -1.180589469553541271e-01 -1.096149627793514825e-02 4.244008948419625976e-02 -2.155007012414339451e-02 5.832180240453656989e-02 8.549724175922160385e-02 -4.304210610713639362e-02 4.502147471574644011e-02 2.732497834421176650e-02 1.610228791846941843e-02 -5.956189607832700073e-02 -6.112847431269347043e-02 2.799656733931960365e-02 1.603198368616061409e-01 -1.656278415713058338e-02
-7.703646633665378607e-02 -7.688206318947886364e-02 -2.226251190992883586e-02 -2.071952892003382507e-01 -2.631548390502153056e-02 -1.071520447300407242e-01 -8.402455872221381572e-02 1.259382401429756659e-01 1.265309427440257928e-01 1.651561220313896294e-01 -9.253759924614397836e-02 3.176269322600017708e-01 -7.613426895424546537e-02 -9.123564962363270303e-02 -1.197606846440918693e-01 1.527694500863310823e-02 -4.531368701018607253e-02 3.835168305700509261e-02 3.735429252406276962e-02 7.427967554205015810e-02
9.221418357039490310e-03 -3.240336307321035197e-02 -6.544823632896071275e-02 4.729734317770546703e-02 -1.812302465225227310e-01 -7.865011821054920804e-02 -1.536657303314406531e-01 2.047338818418176914e-02 -1.516488134409317290e-01 -1.464942747321191785e-01 -4.406487128334306280e-02 -1.608601223792258950e-01 -1.210118599370324510e-01 -2.482258628710146409e-01 2.324833771595484835e-02 5.630101839934335134e-02 1.202253008008766499e-01 1.023534817262089641e-01 5.622266653294921007e-02 -6.088983818184108554e-02
-9.224830276678760987e-02 4.352562514939817273e-02 5.249758599093129474e-03 1.617317574604816843e-01 6.335921920836304344e-02 8.454205235250147887e-02 -2.651558495363118967e-02 -2.712168475778560517e-02 -1.462431548465842057e-01 1.996702672459133021e-02 -2.077374314190987836e-01 1.232121472106210980e-01 1.106381891639324905e-04 3.781338806071288250e-02 -1.078735967884430075e-01 1.790446604847623635e-01 1.981770633998680142e-01 -2.316321881341283084e-01 -3.268689335905471394e-01 1.840026515482057201e-01
6.214946803813665988e-02 9.851609816206773063e-03 -5.570611742368550973e-02 8.480010466121859491e-02 -5.221447834724170234e-02 -2.839040142751983811e-02 -1.769936900061901131e-01 -5.417070569616176667e-02 -1.413746969151377375e-01 -9.167288855205701914e-02 -1.168715370137525800e-01 -5.091861068210035146e-02 -1.865207023036430933e-01 -1.927877903688083316e-01 1.594895303838831657e-01 1.354673402777864244e-01 2.169818419740870141e-01 -2.619633065094511409e-02 3.582824495905020945e-02 -2.495903891741594327e-01
7.625950653771286503e-04 3.760059230272563141e-02 -7.391197154080270115e-02 1.283337085664895960e-01 -2.160238284361163941e-01 -4.088320301219303815e-02 5.384105784994845656e-02 -5.399592121567529240e-02 5.851276740864760906e-03 -4.066372018113051379e-03 -1.404219908124119121e-01 5.667311962293519745e-02 -5.640616370246037681e-02 1.251610900630239220e-01 2.027520492765328419e-01 4.592504056219290365e-02 -1.046364265008507544e-01 4.545809720935230225e-02 3.110380009669476142e-01 2.116031619053455326e-01
-4.115139444152024484e-02 1.097984892069034102e-01 -2.991735763806620541e-01 -7.820415273046610327e-03 2.642865526796345232e-01 -8.527888289479293449e-02 -3.081841997771811448e-03 2.953187266233693944e-02 -1.967264168759796233e-02 4.023883093462718441e-02 5.314802592777737034e-02 -1.181160006112880537e-02 3.942162312502770632e-02 5.993225926573989004e-03 -1.146902351206152693e-03 -3.849601833670384526e-02 -5.134156351751664737e-02 1.169048637458114034e-02 1.387707809465050512e-01 1.722130869795701624e-02
-4.438020374560208009e-02 -2.496648230384750089e-02 -1.356632966115041417e-02 -6.335143647249631693e-02 -9.890305476488632508e-02 2.905082997028476249e-02 -9.464861063783312767e-02 2.390560983398910128e-02 -8.944793889595921421e-02 1.345080126039639723e-01 1.318623478546310235e-02 5.739016382456312015e-02 -1.625725909924071594e-02 1.350258951511916494e-02 2.410466904492141599e-02 -3.170817079212493450e-01 1.527546401317969038e-01 -1.494288552906921641e-01 -1.218842813315345192e-01 -2.313769567617601497e-01
4.071219782507212032e-02 -4.671430480643768562e-02 7.852475490686780524e-03 -1.014309463085383139e-01 -4.494781001551594046e-02 -1.173080410562518383e-01 -6.370362546395490211e-02 1.774506863959425806e-01 3.226390342952415585e-03 3.635981506471515357e-02 -6.015020407070773012e-02 2.535204735252249986e-01 -7.982088083642238652e-02 -1.905308305593475804e-01 -5.161836328161522464e-02 -3.734817097335378644e-02 -4.396083490470298338e-03 1.206825156403350668e-01 1.486509762112444427e-02 2.052507236863579387e-01
-8.431015077860171125e-02 2.021546542417387016e-01 1.678762554019568309e-01 8.607589514234288697e-02 4.713565201126162368e-02 6.947844885354015343e-02 1.808008366564434199e-02 -5.750831485199084381e-02 -1.306063244743404794e-01 -2.219847267739374908e-02 -8.520022470106528023e-02 8.399760183252720502e-02 -6.232244082760870357e-02 7.008741467149291748e-02 -3.141077302435714147e-01 -8.886338937878570515e-03 -1.113702580698374273e-01 9.165356846526569179e-02 9.437785138708812416e-02 -1.243099563388524037e-01
-4.979277353351949098e-03 6.902196507468441600e-04 -1.623908300588119413e-01 -3.388913324630252188e-01 4.913243325517929749e-03 2.558811500593334287e-01 2.268586054444962918e-01 -2.045789807017056317e-01 1.230297978715430840e-01 -2.411335585679220128e-01 -6.126031625465883784e-02 3.747071704266401876e-02 -1.314506099421374197e-01 -1.036354626935369339e-02 -3.800417291220963001e-02 1.339907642507751351e-01 -1.940272658865877659e-02 2.231680827761940017e-02 -1.343209990943850518e-01 1.359129759826664327e-02
-2.761085662588332740e-02 7.605613633602213708e-02 9.217081810475993842e-03 -7.003945574763512094e-03 -5.381049949756031014e-02 2.123166615613258368e-01 -1.256025814883897640e-01 1.585910211150382831e-01 1.953699033677162300e-01 -1.311173351440863936e-02 1.139107802940039424e-02 1.063806071324598437e-02 -5.934364993760245233e-03 2.215979620632893901e-03 2.631122101759193060e-02 -4.475676390651293912e-02 -1.687249038747895211e-02 6.823256658562512449e-03 -2.163209603785509749e-02 1.399032771133549430e-02
-2.206266239159587056e-02 1.100898587856560112e-01 -1.458399434337264988e-01 1.326795322624919338e-01 5.386770225064320405e-02 4.843124380636693038e-03 -7.750403446931350415e-02 -1.378761624284308845e-02 -1.297639365874729833e-01 2.098291836024357426e-02 -1.804004723658016451e-01 6.589724391887438748e-02 -1.048609606651726006e-01 3.090326282966277677e-02 1.521214901794526453e-01 1.856230899884670771e-01 1.894384899357796082e-01 -1.286946221719769690e-01 -3.864088033109867870e-02 -5.250858162835353449e-02
-6.543152911929298043e-02 1.661360652855138342e-01 9.356556066352111900e-02 1.207527656513563974e-01 2.313583538243390789e-02 9.357754063433573744e-02 -3.712266388046595034e-02 -3.902234992498380961e-02 -1.597790560152687889e-01 -9.511941776104249763e-03 -1.474597254193869833e-01 1.059843390241237554e-01 -9.080684420337940821e-02 5.047090384759269494e-02 -2.267758740750364377e-01 1.025471971613715616e-01 5.221582281167268941e-02 -4.052636492483452368e-02 -5.886152300850436281e-02 -6.193461790564114278e-02
-7.268931111893037200e-02 2.097116540716742472e-01 2.045506924910772129e-01 4.875489475251147675e-03 6.554073490919347378e-02 -4.178579849075328423e-02 3.350480505819074251e-02 -6.363918054457720630e-02 -7.310580351149792433e-02 -7.295791649839157567e-02 -2.789674435230121013e-02 -2.433889703224582576e-02 -5.484428057018372188e-02 4.114783105419356213e-02 -2.217914543888481194e-01 -1.258480929372547130e-01 -6.315334273664291453e-02 6.538731661327421008e-02 1.208446648403212476e-01 -4.285214171026681396e-02
-2.188853925858218544e-02 1.979040539087031925e-02 -2.037041554275936250e-01 -3.238533175879652615e-01 3.442978594948693793e-02 2.014575562170476952e-01 1.933358958421637908e-01 -1.887766930661148312e-01 1.381269871318649423e-01 -2.588263121755636220e-01 -3.331629167678491071e-02 9.232892800434122638e-02 -1.451631742736311792e-01 -3.127087888416847650e-02 -7.075370578637103780e-02 1.343677020038265002e-01 -4.873195260100160464e-02 4.943142519983022981e-02 -1.192633284004254862e-01 1.470129607198604471e-02
4.084387084447235750e-03 5.171667755884180873e-02 -8.728858333905664679e-02 1.423077166635987045e-01 -2.018434422655582816e-01 -1.856765062773720748e-02 8.533361305308774514e-02 -7.329681038022700656e-02 2.041816635278972253e-02 3.796803924446408296e-02 -1.726357594540936236e-01 1.122044843284932120e-01 -4.099082706994074815e-02 1.962831981218263744e-01 3.237306153179861923e-01 -6.613903203777266038e-02 -1.217422550937954651e-01 5.930626967590266890e-02 1.801249371312284575e-01 8.522643112203379112e-02
-8.631903447166000554e-02 2.138726610164403685e-01 1.943144115457746679e-01 3.762628583552717065e-02 5.039715248277206600e-02 2.081871542292801358e-02 2.315373464817294114e-02 -4.814723935939664579e-02 -9.763664553905762600e-02 -2.611178119291336294e-02 -3.510202145148441644e-02 3.889632032582024390e-02 -5.075930346523276765e-02 4.985162887068218113e-02 -2.473034439468656531e-01 -3.599572435847162022e-02 -1.063718358941695696e-01 1.153141060205258861e-01 1.482436159481781979e-01 -1.388652213462201190e-01
-2.599233464513739378e-02 1.251802697072328385e-01 3.393268640224526844e-02 6.849711453746412659e-02 -2.618316500072147973e-02 3.267781377887520877e-01 -2.323792407372050062e-01 2.587665376058368993e-01 2.707859156492336550e-01 -9.900787054470377990e-02 5.174635803202842776e-02 -8.078951278290120996e-02 4.353852239652927780e-02 2.786143653634855222e-02 5.037928492128206093e-02 -5.262526266231692951e-03 -1.738088754072582634e-02 2.758566742394760740e-03 7.775286934501415836e-02 4.374801151342888605e-02
-3.674706339235118274e-02 -3.274471159592043379e-02 3.414278474579345718e-02 -1.989766046741668903e-01 -2.240871969985996914e-02 -1.711213440984278022e-01 -9.557363478406648294e-02 1.999404891975717080e-01 1.351907934199016448e-01 2.194519230426852374e-01 -1.226079799137944487e-01 3.625249901892612647e-01 -9.509483028856281772e-02 -1.948974615651384024e-01 -5.176143825253623487e-02 -3.155030012388712612e-02 -1.951284010603122204e-02 4.472407368752918250e-02 1.845792140532916126e-02 1.379197639157812016e-01
1.882783669976090257e-01 -4.892610096710316159e-02 4.421161658529871447e-02 -6.147320181785265181e-03 3.537249787985649596e-02 -1.094907716496628519e-03 1.751559905817299811e-01 2.722931087153948604e-01 -1.569912511795039101e-01 -1.686777653609656258e-01 6.106695790322470146e-02 1.147120529531910627e-01 7.410918658791906810e-02 9.866205412593083424e-02 3.918199108208549747e-02 8.473974402179666743e-03 3.399388650605349171e-02 -2.213103166911231483e-03 -2.901462091570876020e-02 -5.280884363891760747e-02
-2.770464939216479849e-02 1.172450003270653074e-01 -2.886638781474842874e-02 1.700075363549857221e-01 -1.090518351692089521e-01 5.650552209200525311e-02 5.724940455875621517e-03 -5.198116551693139631e-02 -7.301020266179872320e-02 4.499757113226141025e-02 -2.068511320232550299e-01 1.387609416684012220e-01 -9.711603708552996039e-02 1.630406595832127603e-01 1.466432056520203531e-01 1.031234873283880527e-01 -8.361496338764652647e-02 4.925779611940838548e-02 2.605450312136021671e-02 7.740311277872830020e-02
1.710735080187872625e-01 -4.285614378323523987e-02 3.573334699707868267e-02 2.658626458271766413e-02 2.479474910017584466e-02 -4.655668391468852779e-02 -1.345770775896599214e-01 -1.172657892972779614e-01 7.770672780076266772e-04 -7.921408091970534582e-02 4.889022492379787449e-02 -3.523892364617264156e-03 -4.385996907874276790e-02 -7.080031450752199973e-02 -1.590730042437356676e-02 -3.896223878648624045e-02 -2.765016829953600430e-01 -2.247054414862713345e-01 -6.053000884785304792e-02 6.984459519033398012e-05
1.907964288369315975e-01 -4.656101935014149429e-02 4.567098362269159106e-02 5.665576298316384908e-03 4.222596333346438635e-02 -6.879967722960740606e-04 8.449002222867886547e-02 1.483143381330366828e-01 -7.966970999007835785e-02 -1.238731234888376387e-01 6.636038828285553692e-02 9.733220490545135828e-02 7.518613562173967479e-02 9.409969583045207919e-02 3.258426182395121606e-02 9.910121660670255517e-03 7.104029630615492363e-02 4.199130869549697054e-02 -2.027724795382729317e-02 -5.825013572055968980e-02
-8.093217991872844741e-02 2.113212638327706117e-01 2.072518857211887722e-01 -1.353817433978699025e-01 5.460842666895476816e-02 -1.673818566149493925e-01 7.588799830279704950e-02 -5.623230240049392065e-02 3.308562111227959790e-02 -1.011035435534881066e-01 2.624720852078857997e-02 -1.436689507129618459e-01 -1.089252806066871859e-02 1.819324145748706101e-02 1.176770297728674392e-01 -9.515057116469688436e-02 9.433104514996887291e-02 -3.140426047621819317e-02 -2.146111488113107077e-02 1.589532502609858344e-01
1.926399293652167888e-01 -4.865620494981496430e-02 5.064930090429647230e-02 -4.890153313513954242e-02 7.323161133912538256e-02 9.922269380186982124e-02 1.956425204168971976e-01 1.288133554626481048e-01 -1.450929044175965077e-02 2.811702886549950486e-01 -2.200181374751835062e-01 -2.751255526403657559e-01 -1.069114077475107755e-01 -9.690215590036861670e-02 -2.441655398652152129e-02 2.456304111128541218e-02 -6.120146457613716284e-02 -4.423779039106651850e-02 4.957009100078026143e-02 3.791970773496007585e-02
1.873324374362682065e-01 -4.907959979755981139e-02 4.347582181384428146e-02 -9.035809530784160229e-03 3.429372337765774353e-02 5.510233100794736938e-04 1.794492817557196140e-01 2.759175393845677005e-01 -1.571652241033458519e-01 -1.532335437424805491e-01 4.812650954784094409e-02 9.984311817748520168e-02 6.061678391098337948e-02 8.056486229156371859e-02 3.440707769639732988e-02 5.860039850843701964e-03 1.619485434837204807e-02 -6.822089152407947305e-03 -3.015363290007791464e-02 -3.388739418832036748e-02
-8.282542321442090683e-02 2.274699973369694872e-01 2.289549449609445952e-01 -8.006711967390725548e-02 6.320840982080869197e-02 -1.480079090969579625e-01 4.517912496864012056e-02 -3.662429533331935938e-02 -8.477197678172815332e-03 -7.611788491306852034e-02 -5.315279059079497381e-03 -8.430655549649666847e-02 -4.208918788245086251e-02 3.079399872011926581e-02 -4.500471848095284610e-02 -1.305417718422473006e-01 2.404049042757036569e-02 3.366167132205254153e-02 9.324369187530780201e-02 5.000656721607930899e-02
1.949345134898003706e-01 -4.777068830413339073e-02 5.246845594066123358e-02 2.499679974617808123e-02 6.577393100879053156e-02 -2.595432917956794899e-02 -9.074885908334212603e-02 -1.363670599926794791e-01 6.691655282487748990e-02 -2.502113859642711435e-02 5.717180281369185074e-02 8.722473559189269920e-02 7.512619122507285807e-02 8.598044915648826725e-02 -1.510725877108543003e-03 -6.031869666121285334e-03 -9.395904478552166705e-02 -2.707480052755936728e-01 5.852816241441370637e-02 -2.362378418077603487e-02
1.987481568956989963e-01 -4.800127023123414161e-02 5.523476959255024799e-02 1.685173610264392718e-02 8.270288612730331002e-02 -7.413054041378349182e-03 -1.304811610926906729e-01 -2.000471818758362275e-01 1.077212949177754203e-01 7.415771033621211539e-02 6.770087624990567265e-04 5.337746900085866067e-03 3.426822823637343252e-02 3.230908817352229345e-02 -1.950124133847304375e-02 9.053006372060266871e-03 1.632544605148002481e-01 2.363537757282080098e-01 -1.289376467604620019e-02 4.375805809029243570e-02
1.985108336522234673e-01 -4.784327053389401951e-02 5.467892753170880416e-02 1.683451902152260232e-02 8.127861343976382213e-02 -1.128519227773979415e-02 -1.356142849838256059e-01 -2.022260736975785567e-01 1.090823550048574814e-01 7.334347236318707053e-02 -4.169309123486196478e-04 8.223587275563562504e-03 2.673374526180272853e-02 1.962028288162929318e-02 -2.150625548490470856e-02 4.739249806262274024e-03 1.155050828129599166e-01 1.717216387226609686e-01 -9.167769690981762351e-03 4.582220586855850764e-02
1.992146512511784318e-01 -4.902521370902727244e-02 5.561940730323666759e-02 1.727231063029864219e-02 8.365306237401183564e-02 -9.935771655779711276e-03 -1.246204915396631197e-01 -1.922576414731682060e-01 1.096930746938869078e-01 6.404505828750806096e-02 1.359600399226824560e-02 1.976013380775187844e-02 5.564020728871971189e-02 5.952786608692439696e-02 -2.293850856538373617e-02 1.557262703270007737e-02 2.350626286553329503e-01 3.309085112463064360e-01 -6.370460914859953083e-03 5.158579372337250557e-02
1.967486527019169373e-01 -5.021246835756535548e-02 5.485780944698204209e-02 4.482248431675543709e-03 7.462963284746185200e-02 7.159101164215204115e-03 1.083042886516716145e-02 -1.461612576198557945e-02 1.760385010526278882e-02 1.139576196133607749e-02 1.159250068718033558e-02 4.547252261073470719e-02 7.916761239849297305e-02 1.069800727714597666e-01 5.263027613367505207e-03 2.738109413550032789e-02 2.175631423472541293e-01 2.010442444967664999e-01 2.478452663821869434e-02 -2.521917801962790875e-02
1.941561979350541756e-01 -4.523631603613130492e-02 5.028518361802657155e-02 2.723535838650019067e-02 6.574052643502019400e-02 -3.227855472174853690e-02 -1.775186399860388953e-01 -2.226989945798043269e-01 8.797745382761751332e-02 3.330568870928468997e-03 3.008313048903143994e-02 9.578372025325705003e-03 -1.381146877715688781e-02 -4.724523919975511660e-02 -1.812080485110721673e-02 -2.576206264782698874e-02 -2.181426631796264670e-01 -2.329046738921756732e-01 -3.478793782968807313e-02 4.951102110355411201e-03
1.961915842785890984e-01 -4.643698890923061290e-02 5.342494676267246778e-02 2.347889801333431781e-02 7.638057518359672726e-02 -2.062963659576484698e-02 -1.785360910739944851e-01 -2.528483209815344801e-01 1.199356366644914046e-01 5.947585457121314784e-02 9.096638941415595425e-03 -1.100880916483356828e-02 -4.702874774005463138e-03 -2.965576457767418045e-02 -2.780106094090496749e-02 -2.193711975938770001e-02 -1.626808936558218899e-01 -1.781992476505834810e-01 -2.183606677154243531e-02 2.878363774520070056e-02
1.957268215362940322e-01 -4.973041847118216119e-02 5.284357739153193456e-02 9.256938151204114479e-03 6.471062365780963499e-02 -4.842839395429926475e-03 3.247186778005886620e-02 4.124358283120103941e-02 -1.904130844934965455e-02 -6.892501481840863919e-02 5.656035507169200616e-02 1.077768351359660315e-01 1.085223117495638101e-01 1.417385548605952228e-01 2.134913526808468812e-02 2.595435975634378598e-02 2.027265674750445557e-01 1.385263223844880875e-01 2.398482710425741543e-02 -6.060397661079257314e-02
1.867165847411109691e-01 -4.606068282832376931e-02 4.138572772454761350e-02 2.224804695039359070e-02 2.965032084203219828e-02 -3.246096659822167441e-02 4.240199572536229589e-02 6.114714946537715135e-02 -3.501344653539874979e-02 -1.309157997440430765e-01 9.177245898997588025e-02 1.359668525703153497e-01 1.000817657766742419e-01 1.307214985856066658e-01 2.083040400961818153e-02 5.678259275924926741e-03 -4.639938697664502260e-02 -2.483358540273527815e-01 8.430252829896235645e-02 -4.156286452454893698e-02
-9.694237174892940401e-02 6.473743565265030475e-02 1.475039148301036940e-01 -1.354386891153588068e-01 3.565429848233081511e-02 -1.950343652757787760e-01 -1.629805588402382516e-02 5.314235486097883265e-02 1.080180488772815028e-01 3.528578946619127799e-03 -4.539811382190304945e-02 -3.344918970697282473e-02 1.009881053654335115e-01 -3.546858700719111857e-02 2.197339798292070046e-01 1.822845695610748606e-01 -1.315391885485846235e-02 -5.570465301252293389e-02 -7.735184635271397102e-02 -1.117510323573158992e-01
-9.078897697445593995e-02 1.689880613849541469e-01 2.083372578057474667e-01 -1.464901439494994684e-01 5.696678347287599531e-02 -2.331334383026686941e-01 3.909645355316616888e-02 1.842041703342098963e-03 9.000372939171441544e-02 -6.166332481779536467e-02 -1.912279902462378500e-03 -1.151858148175067265e-01 3.415297853992614596e-02 -2.427480256019662330e-02 2.451611590757886705e-01 3.530366723598840628e-04 1.013927960416027285e-01 -8.645325204962653332e-02 -6.882405855874715317e-02 1.025656223241372816e-01
2.596768816543867930e-02 2.449368777673845143e-02 7.499353467317865229e-03 1.218233289213306036e-01 -6.869767663203432684e-02 -9.639841690849339229e-03 4.155596478585715792e-02 -7.096234432467998787e-02 6.640288617034403873e-03 -9.195398526740844111e-03 -5.743645521326803255e-02 9.420358681856112748e-02 3.036497184683267792e-02 5.498877045827468835e-02 3.737376171180988027e-02 -3.818695358996125611e-02 -2.047139273238434420e-01 -7.770251310854812965e-02 -1.604861965542292782e-02 4.191038991843260009e-02
1.925481471221689167e-01 -4.817625414393621880e-02 4.881249330536479442e-02 -4.996512471590020682e-02 7.300523490533444848e-02 1.053461616441474930e-01 1.996995339910382639e-01 1.198036348827532516e-01 -1.568935524233577850e-02 2.621913298043426765e-01 -2.113954582000099613e-01 -2.783956739421996618e-01 -1.032806967560129241e-01 -8.619341841937082360e-02 -2.178011284232042252e-02 3.371044671198129145e-02 -5.793050528792995785e-02 -4.179109175574086815e-02 4.208055584861603721e-02 3.024522518232003465e-02
-8.234660283894082444e-02 1.450025424152374953e-01 1.639994163535757055e-01 -1.610434567590060817e-01 4.551764492795262740e-02 -1.758762477121391110e-01 4.480545476735235677e-02 -1.378413006506557653e-02 8.935605205701800668e-02 -6.664482576114484635e-02 -1.613443011631373464e-02 -8.792794877055809533e-02 3.469623882667692560e-02 -1.558984308353475456e-02 2.191450947814241046e-01 7.472547516590827277e-02 6.996583606081353823e-02 -9.717689425371556222e-02 -1.126851961485186154e-01 2.222397035912970428e-02
1.921704842343095465e-01 -4.684273019302269414e-02 4.730809088709118926e-02 -4.665622825968454568e-02 6.476744810609434688e-02 1.016560249114573516e-01 1.826531091099486137e-01 1.076970880489108995e-01 -1.902235366331651509e-02 2.285544200398230974e-01 -1.649975480383685245e-01 -2.378540135813077272e-01 -7.350906544139222676e-02 -6.351442441825921881e-02 -1.208409082950560529e-02 7.516138729745588942e-04 -4.222870460059347658e-02 -3.541481149085254354e-02 1.038642632034361690e-02 -8.373295704689058191e-03
