5.339918322448538035e+00
3.664256265046606398e+00
2.865116092181918095e+00
2.309703143258288183e+00
2.111686395811127159e+00
2.044799678184775704e+00
1.721893302807276038e+00
1.534360118315394761e+00
1.486795641023530123e+00
1.430819906840931965e+00
1.303093259331827847e+00
1.254090612581154618e+00
1.204845769380654463e+00
1.137450473709924692e+00
1.122021612666000756e+00
1.088441416450100618e+00
1.054575991107542299e+00
1.016119872732488050e+00
1.006264167095902051e+00
9.953652449587008233e-01
9.722910933116489796e-01
9.646977759929004081e-01
9.477215717965313813e-01
9.414791048489090652e-01
9.188323396230363427e-01
9.110358722334903625e-01
8.917299590538466658e-01
8.757271842684638541e-01
8.681130044946504531e-01
8.531592993256328361e-01
