5.720144922031314971e-01 9.024755849336353608e-02 1.459945676401669112e-01 2.406004119490159077e-01 7.609442690658771435e-02 -8.465602712516920314e-02 4.100005241616311302e-01 -2.553096708428476136e-01 2.743701174166970347e-01 -2.015998469070652832e-01 1.318492992811063150e-02 -1.837361493145207858e-01 -1.990868724893637420e-01 -1.039307554772849890e-01 -9.472780541405095844e-02 -3.582710625725922249e-01 -2.687787348911996332e-02 1.521795937895736341e-02 1.720526122593735163e-01 -1.309111777203504912e-01
2.363482703428932963e-01 -2.035921335287524114e-01 -2.052502534613357410e-01 -2.915442802178528914e-01 -1.195080381682681048e-01 -1.696073918569904471e-01 -8.142435653883545177e-02 1.458721188185661821e-01 1.665684507288720528e-01 1.407738765093739242e-01 -1.893810680130402213e-01 -1.984491737833716796e-01 -6.592096568251241961e-02 -2.017504172562653020e-01 -4.476843226922411212e-01 -3.886854266443333650e-01 2.558378458644072206e-01 1.244513160514349459e-01 -1.747360850671361154e-01 -2.936311254482634747e-01
2.208276827783352825e-01 1.999150424560730555e-01 -2.822807774918024704e-01 1.648550878982016910e-01 2.646066464094241621e-01 8.243284760415615919e-02 -4.633012309485768504e-02 1.265588989929445629e-01 1.596712678509025762e-01 -3.118526828056190636e-01 -2.921772666099462512e-01 4.813744780258013001e-01 -1.083617401826046794e-01 2.780873415269015658e-01 1.080881569254100172e-01 -1.657551472917535018e-01 1.091312748796591930e-01 2.009913127518319631e-01 1.746075168267006150e-01 -3.877251847542807078e-02
3.515961430016432132e-01 1.931051327236368853e-01 4.295501014408641821e-02 1.195038250587516782e-01 -3.143277966731465867e-01 -9.231267238293464072e-02 3.303926529604711559e-01 -2.769706026824223510e-01 3.066308702122194293e-02 4.570093354061731117e-01 -3.536233011940551618e-01 2.772676950084965175e-01 1.337797760557056792e-01 1.665525730864839682e-01 -1.569821633101843028e-01 -7.796644771490097992e-02 5.551370311223294274e-02 -2.230610545933963962e-01 -1.521335530554114301e-01 -3.664030489044644429e-02
2.916950034307261297e-01 -2.000433840835937616e-01 7.980884344844051126e-02 1.683475284374027492e-01 2.561353536651709839e-01 -3.485336060213217735e-01 1.570073269686113326e-01 4.228744098143980695e-02 2.311384004844768969e-01 -1.155487972736903429e-01 2.091924714670642949e-01 -6.866740802967828683e-02 1.661309041364552042e-01 -4.026794203625161939e-01 -2.394380185667502881e-01 3.452041921703324912e-01 3.348981969033104078e-01 -1.834003256329825859e-01 3.543708061838329870e-02 2.453774037849419387e-01
5.129591641683642345e-02 -2.442846613203199235e-01 -3.221806611380502450e-02 -5.759208560623987894e-02 -1.466573344925403977e-01 -2.425588615193524991e-02 3.287502919186881534e-01 3.673638163262071127e-02 2.446071101436454454e-01 4.536636014738412714e-02 1.639902837682842840e-01 -7.329284165801429329e-02 4.035000487560878035e-01 7.466683211980389145e-02 4.284740082666868566e-01 -3.133133580565428122e-01 5.081331790852336439e-02 -2.798614634796317002e-01 -1.561397199250472989e-01 -1.971587337353507621e-02
-3.162961933489401023e-01 -1.017256801991485438e-01 7.092200580853808001e-02 6.877237171220364209e-02 4.893593347679187078e-02 -7.670647412795270070e-02 4.171745630803531668e-01 -2.233041150861323279e-02 3.745762984630497949e-01 -1.118348891628075797e-01 2.364420871977414018e-01 1.192676908336971764e-01 2.891597516398629053e-01 -9.496062235584151745e-02 1.509156669433767417e-01 -3.645029704604806908e-01 -4.655105289163712773e-02 -1.514911404648600635e-01 -2.144598133918100558e-01 8.976665069743578959e-03
1.724206158521086607e-01 -3.395710736934021146e-01 4.991512265059727671e-02 -1.789061665239359555e-01 -1.145313481746375144e-02 2.274609799873173466e-01 2.540148984658198161e-01 -2.460401609038497528e-01 1.851380779258789133e-01 -1.724316935966639652e-01 2.107736160547589166e-01 1.997199456500722281e-01 2.251739519589980934e-02 3.273047447248632058e-01 2.706654400977265840e-01 2.705044213413925203e-01 -3.341058026413304960e-01 -1.193504602991026231e-01 5.848110421363376249e-02 -5.296633603012618208e-02
3.063260713525071122e-01 -4.913569606293708564e-02 2.673352111746419291e-01 1.650327965042590606e-01 2.031076210316372643e-01 -2.936794464352452394e-01 1.268729946728839875e-01 2.167152801263781958e-01 4.449122651050863020e-02 -2.576688270167368788e-01 -1.734841965859584278e-01 2.623284101671731761e-01 -3.796499140002541073e-01 -2.766797127002859624e-01 -3.763756985044552916e-01 -1.119234853105561672e-01 -1.116303638026626549e-01 9.483807750494278876e-02 -1.251868828252028776e-01 -1.662614699290637099e-01
-2.610813909820566270e-01 -2.013472503812717071e-02 -1.393196071723267204e-01 2.651683496418543728e-01 -8.211963539264927059e-02 -1.036579075759355151e-01 3.020106820217967059e-01 1.632927005278254073e-01 3.482630625990837392e-01 -1.103019775630307980e-01 -1.560671627375853979e-02 -2.205487174254176230e-01 2.744665270297959661e-02 -1.407711575394663128e-01 3.413209509783787232e-01 -2.661702637492475154e-01 2.900471026340854797e-02 3.759463623344945771e-01 5.883287932550645277e-02 2.276810740262233679e-01
-1.816373827230216564e-01 -1.224953764064158207e-01 1.247098461766506516e-01 9.730520442501706599e-03 2.632119137584664759e-01 -2.969163779007534809e-01 1.912915782667650166e-01 1.082081080541051066e-01 2.509408893137991536e-01 3.618266903705527060e-01 7.413220520566154992e-02 1.909412314991197623e-01 1.523215294686239840e-01 1.477640830792014970e-01 3.652047286948825189e-01 -7.145730812262413023e-02 1.460208350152610024e-01 -1.279134828134703972e-01 3.162107554373462803e-01 5.752530561391532710e-02
-4.107029775226359730e-02 -4.782910495651915977e-02 -5.058124195098549075e-02 -1.323962741123488607e-01 2.252850201518467044e-01 -1.163892831146483564e-01 2.452066301087555411e-01 4.506189281093406218e-02 6.210622893103549119e-02 -3.175422093178310867e-02 4.155764244190973677e-01 1.292995201482398382e-01 2.495190200787248402e-01 -1.574306230164504161e-01 5.026972861456808772e-01 -2.718939662907149946e-01 1.069875869571251803e-01 -8.464572249100110746e-02 3.486237639699292512e-02 -1.875118831176500744e-01
-1.892730018062040442e-01 9.991756943188684348e-02 -2.601811217640797036e-01 4.989587466505548269e-02 2.670102363201606321e-01 -2.849576573921174805e-01 1.418112540864998328e-01 1.329477788863423215e-01 2.775068255941219864e-01 2.273175969836019883e-01 2.851014001110381835e-01 9.199328669548288706e-02 2.342069191169869891e-01 -1.726631706200099925e-01 3.544844651127005974e-01 -1.356575036198960915e-01 -1.005734156763197773e-01 1.246553333692620655e-02 -1.844928745821356950e-02 -1.925173924733666053e-01
1.384454730468678840e-01 -2.247738079886414941e-01 -2.838958315397291932e-01 -2.120849649294148931e-01 1.679260010210680554e-01 2.917802088816363049e-01 -3.156563870777998049e-02 -1.934067333335899308e-01 -2.520754937350780933e-01 -1.506116889274052295e-01 -4.783750531642311232e-02 3.195975021433010710e-01 1.586543773476342678e-01 3.909888880500459526e-05 -1.779265236747531453e-01 -1.950459613529177683e-01 7.528846273257573662e-02 4.134766987780972430e-02 -3.201254039323534473e-01 -3.561920798075555727e-01
2.185687136525748808e-01 -2.087674064034868993e-01 -2.364607072463762172e-01 2.135267468008459346e-01 1.137540671407241827e-01 2.505577689089736881e-01 -4.077134778667636517e-01 -4.491008865851519455e-02 2.824508582540899513e-03 -2.039834403331360346e-01 2.441404223753025904e-01 -1.694451070817445393e-01 3.390152128189983793e-01 -2.178467660039420939e-01 -5.893946990705607736e-02 5.672584271691302749e-02 -3.009235025617369441e-01 -7.329062621693153978e-02 2.001942444072134231e-02 -2.938209801789566367e-01
-8.453476667910893305e-02 -2.348743994946615732e-01 -2.919767566304793185e-03 -2.085146055274369470e-01 -1.266404472724424468e-01 5.708129550563047216e-02 -3.898523235454536273e-01 3.507259687475999255e-01 1.096984735356772572e-01 1.961596971514035365e-02 -3.609090693046921872e-01 1.200461288211598365e-01 -1.215656298240961469e-02 -1.899001900468491044e-01 -7.829227803954555420e-02 -4.038414054734534853e-01 -1.834119618095383097e-01 -2.283741025446902051e-01 2.867641507779482568e-01 6.731612628971341689e-03
3.881528752210506861e-01 2.552568425035993682e-01 1.052943627442045477e-01 3.250717735844051992e-01 2.993057476418000684e-01 3.986270553514305037e-01 3.138617686999127243e-01 -5.762655545363150333e-02 -2.313389871878874515e-01 -1.094507979197334030e-01 -1.238090614329920708e-01 -7.768211784543602172e-02 3.059889503041005043e-01 9.984122980648506285e-02 -1.900595334000837466e-02 1.857230700351950592e-01 1.237258737126295473e-04 2.856268211574052862e-01 -4.939812442841237661e-02 8.317320960676258257e-02
-3.871564775300933015e-01 -2.524559845128572233e-01 -6.718003663944009662e-02 -8.626810729735280570e-02 -1.089572603531284573e-01 2.838853967719634497e-01 2.082996440141022532e-01 3.998364855103428081e-03 2.737184774781344365e-01 -8.900207633709827926e-02 -1.004337420374549067e-01 -8.987440773009625072e-02 2.011922001101230928e-01 -2.040422864543850745e-01 1.948082514375449881e-01 2.630299555508294196e-01 -5.594080175903508312e-03 -4.083038092772178079e-02 4.625152517915934874e-02 -2.899779196284459348e-01
-1.731377569566170949e-01 1.575000851412846625e-01 7.221929549118513703e-02 -3.775696447674019574e-01 2.442417354380412575e-01 1.869009450726167032e-01 2.869709078027912752e-01 1.627958837051133312e-01 2.992847478549860996e-01 2.464593561197662985e-01 5.688901042644885220e-02 -2.507897173482589448e-01 5.892148663417217519e-02 3.870637845333208069e-03 3.698108075438255038e-01 -1.576475335835881841e-01 -6.138485622954800713e-02 1.088471097689872047e-01 -1.020869345536126460e-01 -5.182749768603167606e-02
-1.770829897525405261e-01 2.659304993523412680e-02 -6.217661284812982248e-02 -3.305867761108347569e-01 4.440038929127116951e-01 -5.298933281063596124e-02 -1.177419434712428520e-01 -3.098594132788685673e-01 -1.093718803254277727e-01 1.120437994391725173e-01 -6.525828603469852052e-02 2.668227029185238908e-01 3.252353130663872549e-01 1.478300021168802575e-02 -3.224001198972720750e-01 -2.327126115054432010e-01 -7.809970412497674319e-02 5.922286094030940196e-02 7.399568757447211320e-02 -1.635968305682274915e-01
-1.226753271682060609e-01 -1.554634796265766949e-01 2.383358494184254772e-01 -3.264531541564608119e-01 -2.325248724292456881e-01 1.896058222882489597e-01 2.264208079976526844e-01 2.811482522414938262e-02 -2.549925611077751009e-02 -3.395526316823003210e-01 2.688008294079992644e-01 2.715839316820083948e-01 -1.269558712131422795e-01 -6.876208111902755438e-02 -3.924895997261168001e-01 -2.658759702630923427e-01 -1.893510151121086116e-01 1.988922189212422031e-01 -7.228062210267030725e-03 2.403573415584570050e-01
-3.650456837769846530e-01 -3.547887890389079812e-01 -2.143344230755189206e-01 -3.098662454886775830e-01 1.460118522658638840e-01 -2.481679153002532834e-01 -1.331655348691567764e-01 -2.280194789064635685e-01 9.008587346211235913e-02 -1.542095057070411168e-01 -2.019933094113030014e-01 -7.058130104863830079e-02 -1.875748629466548190e-01 -2.681584137181203253e-01 7.069428002419181345e-02 -5.651962807438718622e-02 2.252826635516644582e-01 2.183741086458435010e-02 -7.041078967117844756e-02 1.193880316139716569e-01
1.730810763795706808e-01 -2.448039794819439896e-01 -7.321458058289712079e-02 7.659502024492657879e-02 -1.579758905396156377e-01 1.413587673799153455e-01 -2.390839418829875940e-01 3.921171599250275475e-01 6.608660206454212982e-02 1.565573445887606940e-01 -3.392421458956684788e-02 -2.208501440285350614e-01 2.366565042986113476e-01 -1.342353103834732497e-01 -2.230832921142068548e-01 -3.707604907150863216e-01 -1.478927744313641990e-01 -1.191949171959077458e-01 3.949444460077665142e-01 1.433406836281583274e-01
-1.474917374444652818e-01 -2.058948240562609444e-01 1.295403361038529599e-01 -4.825820835580479917e-02 -3.134198401826713831e-01 -4.771589380228458133e-02 -1.853129977496339176e-01 -6.652949820508548273e-02 2.832775991368562951e-01 4.223665089202707779e-02 4.051209502609252194e-02 2.601404545947884617e-01 2.678528175919398513e-01 -8.874800866393806054e-02 3.353432851277896587e-01 -6.918270981422967869e-02 -1.109122480679200912e-01 1.850341745973795859e-01 -5.778213000667375282e-02 -3.857459676276506766e-01
3.111584265867384236e-01 -2.031821001307321239e-01 1.425172840841384958e-01 2.082005073726853339e-01 -2.969904014799946146e-01 1.595088642692132630e-01 2.205604839398107309e-01 3.008230737120822784e-01 1.092129750931790932e-01 2.703653186495910687e-01 1.617835598804375774e-01 3.105409933488088026e-01 -1.957939756520372665e-01 3.704503058187963993e-01 -2.034559521003395377e-01 1.004711207846046145e-01 1.453708916553830832e-01 2.769312445828304159e-01 -1.947285303130585066e-01 2.181219131637768954e-02
3.199922276476291905e-01 -6.473421859935692135e-02 -1.967484963307058188e-01 -2.356753717231070133e-01 2.854639391571870410e-01 2.698596478826606471e-01 2.096319113060208794e-01 5.092492256712643356e-02 3.203421971681918654e-03 7.005251433159948027e-02 2.521059446098083412e-01 3.137636650079054235e-01 -2.473581094246119771e-01 -2.333886143318872619e-01 -1.871273218512862213e-01 1.303391508427304835e-01 3.437290368471059288e-01 -1.188554769137078609e-01 3.493678597794343532e-01 1.570337376788141226e-01
-1.050873698166927411e-01 -2.861156795578410073e-01 -3.778312523679435153e-01 8.795528875272479175e-02 1.120765119915253794e-01 3.377032899210807293e-01 1.085202639058548135e-01 -1.933099753939533927e-01 -1.038103530599856876e-02 3.385805649627553482e-01 -1.435856778902833697e-01 2.146963322231511817e-01 -8.086618906016751485e-02 -3.154382705860041547e-01 -1.940911748333329356e-01 -3.582966175688907361e-03 -2.567272029975437575e-01 -1.280065944424741142e-01 1.371079832808669297e-01 2.528171196095926887e-01
-1.651152707165962075e-01 4.720929381057108187e-02 1.502357743948540825e-01 1.775980948388670433e-01 -2.008167071880103127e-01 -2.054656559325538367e-01 4.741157329573128520e-02 2.164044381550493945e-01 1.869290954981447581e-02 1.443418043915450644e-01 -3.082836624014547722e-01 -1.778332493450382121e-02 1.309938203355320574e-01 -2.239853761877391991e-01 3.816739488601227359e-01 -5.304122595252655503e-02 8.280625732334005729e-02 2.208608431461553112e-01 -3.889684976231859714e-01 -1.706805087755739470e-01
-1.559721274294478266e-01 2.848840529851208170e-01 -1.733304703047063577e-01 -8.269077595902246669e-02 -1.013877851319608531e-01 1.535383461125399418e-01 -2.819741462453267400e-01 -2.453633725506318142e-01 1.645016232309192694e-01 1.919227738436344588e-01 3.173165546021274735e-02 3.130291963982239078e-01 1.374294832199336180e-01 1.474328080814369113e-01 1.937772988732429924e-01 2.344821293666501383e-01 -4.552741069210519687e-01 1.314605273257150875e-01 2.152477176965385819e-01 1.866843185556091855e-01
-1.457491258062343087e-01 -3.389066853414648972e-01 2.806948830345685209e-01 8.113793018088660824e-02 1.133667744327980786e-01 -4.089483734602823717e-02 1.857350269343272797e-01 2.807848865362247426e-01 6.454300624593431457e-02 -1.258176689848140850e-01 -7.345138838230638734e-02 -1.295473324465094833e-01 6.140877183286588825e-02 7.111547849965892121e-02 2.518747498701356391e-01 1.066572312375723003e-01 2.704996471162505745e-01 1.134979264978611541e-01 -7.069656386654474267e-02 -4.305461843987811732e-01
9.091521214009765095e-02 -3.162131068435456438e-01 -2.995966133111277463e-01 2.448941074614333913e-01 2.624667026836166595e-01 3.880385130482419953e-01 -3.402120703507969801e-01 1.076420068174627764e-01 -1.516223286974953226e-02 1.262853202840950873e-01 1.255429480754486071e-01 8.424389776399318630e-02 1.267415729455512452e-01 7.746861800092616490e-02 2.843290498057526872e-02 -4.576665273950208251e-02 -6.429849639584314658e-02 2.377810672159463568e-01 -2.205279267011690247e-01 -2.726150357541014535e-01
2.547509936354547255e-01 -1.836344410279973083e-01 9.037443365665143169e-02 1.078111239069099031e-01 2.110486694597691337e-01 -2.187812985787230269e-01 1.673641379056559630e-01 -2.240462806867266343e-01 3.547144316541129272e-01 3.711520144033331192e-01 -1.422817008782731873e-01 -2.217429620438948756e-01 -2.068087661898498075e-01 1.708570441045142996e-01 -3.042250982535491532e-01 1.847845404089345500e-01 -3.146674222876379989e-01 -3.366297754235575770e-03 9.181187085930937741e-02 2.294768661981094471e-01
9.238296020241627826e-02 4.601536202682305482e-02 1.449213649804817787e-03 -1.869948474461482768e-01 3.605223609163030751e-01 -9.808514541014562438e-02 2.266609841265418979e-01 -1.122842126146892244e-01 -1.613652526054026870e-01 -1.637274223001346507e-01 -3.165719738777701409e-01 -2.546326990774696042e-01 1.594949443086106644e-01 -1.882834564407578348e-01 4.438184074020074532e-01 2.892075167863027430e-01 -2.454020018513731471e-01 -1.137128889907371571e-01 -1.153409155175428441e-01 -1.464163662544433198e-01
1.463383675273659812e-01 -3.919804992225901785e-02 1.813976076256889058e-01 -2.853014538906314956e-01 1.930280802504324433e-01 1.875824464407915837e-01 -1.350788150715956371e-01 2.325072712216222273e-03 1.953848090785861857e-01 -3.042297534046043417e-01 -4.728578142361435782e-02 -6.730255814943969517e-02 -1.842689823576989516e-01 -3.614866416810949001e-01 4.051277828935012093e-01 2.245418593878737712e-01 -1.913591366452301878e-01 2.672518665410718031e-01 1.892881103895327211e-01 -8.559376483326097684e-02
4.176665018666388396e-01 2.064095940648359717e-01 4.721405379236102151e-01 -2.445382185824008237e-01 1.176054395655942442e-01 -3.000894699245588715e-01 -3.041732098769627246e-01 1.791315743963569629e-01 1.480409109764468378e-01 -1.677974714964851344e-01 2.840829755095182207e-01 2.257488918741622497e-01 1.361336377802607467e-01 6.266990553192057500e-02 -5.439749897361445541e-02 -7.912365215852167066e-02 -1.316021759583526074e-01 6.058452091755622132e-02 -4.371222015510509151e-02 5.247770455783264121e-02
-3.769970073574843150e-01 9.100573359987655653e-02 1.837156342945193144e-01 -5.185717129530190150e-02 6.926874350545628167e-02 2.478629189257693377e-01 -3.076300751707068404e-01 1.458383135756735338e-01 -2.352904941305187028e-02 2.497483591441830297e-01 1.552508075459854975e-01 7.444853345424366775e-02 9.052413737355129164e-02 6.315787140915235520e-02 -1.604158676336726874e-01 -4.765445559717198902e-03 2.232234036672013644e-01 -1.872082416071354505e-01 -2.693045354260116819e-01 -2.743789720095148321e-01
-2.680479723349517562e-01 7.559256527022953365e-02 1.610427894500293666e-01 2.327105588905404865e-01 7.181744595688101598e-03 1.673377082751554001e-01 -2.701170779819784817e-01 -4.057949078568198059e-02 -8.952767765951674672e-02 8.412468670853462394e-02 1.913882095767137359e-01 -2.996749092419334626e-01 -2.770561393658724225e-01 -2.921459555815690279e-01 -2.267662636343364402e-01 1.268672160614914002e-01 2.053898210950898806e-01 1.496696003615476944e-01 1.410243027989298292e-01 -2.644716319649191294e-01
-1.251814076582397905e-01 -2.429201895427594293e-01 1.629104940281395908e-01 1.218317657306756674e-01 1.080897924330802146e-01 6.492428300624868143e-02 3.509136072710409421e-02 4.924724025977255670e-01 -4.002646307771600132e-01 -6.351340688061166140e-02 1.476811428239005290e-02 2.496721065957935217e-03 4.966296957659228906e-02 4.917433472096210956e-02 -1.441062395014982012e-01 -3.447296274620962331e-01 -2.505187266846998773e-01 9.125693018631461650e-02 3.022610004199365874e-01 2.072676398871127756e-01
-1.177715665219368768e-01 -1.295564833331959986e-01 -6.302366849379402447e-02 5.171288060682957544e-02 -2.993962935413301274e-01 -1.976609707794294291e-01 3.152640928333318437e-01 -6.274371512264169393e-02 -1.584052160901667228e-01 2.058226322020893506e-01 -8.196308558413042955e-02 1.497651637643017952e-01 -1.891924374376306173e-01 -4.260593504405624232e-01 2.527117171699859166e-01 3.481621521713104683e-01 -4.711237703776734176e-02 -1.117823453461221500e-01 -2.043614330693301895e-01 6.191872206246556293e-02
-4.255701218295626642e-01 -1.577836516829616009e-01 -6.462127363005280845e-02 9.748256883688885543e-02 1.929499782403915620e-01 -1.969266558274545068e-02 1.043716663497702007e-01 -1.351928332683070000e-01 -1.349969513596038229e-01 2.034720853898121795e-01 -1.382664146413436213e-01 2.734279269021382408e-01 -2.701945615473682061e-01 8.057572521393741027e-02 -5.145865965409725240e-02 1.492740764245776841e-01 8.938914530998917640e-02 3.510438108890746034e-01 -1.241126491466741505e-01 -3.306239760384954707e-01
-6.182170740967324329e-02 -3.010323102234361420e-02 3.256870975545864133e-01 1.219592823922735214e-01 -7.331396931781385129e-03 -1.741424567283776648e-01 -6.182962298289715330e-02 -1.189001503077567919e-02 -1.347538561495379705e-01 2.955042292310486318e-01 -2.519010810505858955e-01 -3.571646085671952974e-03 3.768187251209630384e-01 -3.326457514626866563e-01 1.969040224388297206e-02 -2.091183180045637080e-01 3.817701700272170262e-01 7.884879286326182402e-02 2.257400508927154825e-01 2.383570671305060285e-01
-3.099949131960634818e-01 -2.602893444128301925e-01 -1.410138686722960388e-01 -1.672766599486256167e-01 -2.256734589506119715e-01 -2.860956866699150281e-01 9.015128511064487982e-02 -2.811868482206695274e-01 -1.600718457537904094e-01 8.583366655876784046e-02 2.115997766286560611e-01 -1.536455167695200130e-01 -2.230951756104079531e-01 2.955836462333870096e-01 -1.555764563077776108e-01 2.297285424821193106e-02 1.350694330799498410e-01 1.981341521324105626e-01 2.914957271065259370e-01 -1.567880620891861643e-01
-4.274302391718934335e-02 -1.615991224023599626e-01 2.664874093298011948e-01 1.405947550566637450e-01 -2.108682650256420432e-01 -1.950605813592620474e-01 8.459298594499115032e-02 -2.152138288554250600e-01 -2.845987227877621595e-01 -9.696414230235367304e-02 1.361169723368269580e-01 -6.339095132124554499e-02 3.931998805804673980e-01 -3.961562674339903778e-02 -3.357786682509512066e-01 1.214108260525092464e-01 -2.669119901114628823e-01 -7.093260101456755860e-03 -3.377278339911353733e-01 -2.903656507287781241e-01
3.124920784892627063e-02 -3.237978898673396499e-01 2.532399819503943217e-01 5.340847100221055022e-02 -1.648458356026325650e-02 2.832751033109828231e-01 -3.541868385497062843e-02 3.316191781472619393e-01 -3.604663274365953463e-01 1.392247025268910088e-01 -3.868786554125649424e-01 -3.081838371416711353e-01 2.064439453439758376e-01 -8.013349348622940405e-02 -6.458106859900088204e-02 -2.500817422023134118e-02 -3.302056950489248854e-01 -7.033103557083114632e-02 1.223235088078952065e-01 2.496819555462664528e-02
1.766549836317026501e-01 1.673334692586881944e-01 1.677574746837419417e-01 -8.459752518365226681e-02 -1.198019652624204012e-01 -1.520705368596830531e-01 -1.660231359635259696e-01 -9.640135651234793546e-02 1.629307750767845508e-01 -3.011989353085640919e-02 -5.457401967871087223e-01 -5.178690835973467910e-02 5.835469812951451195e-03 2.789913315113760617e-01 6.866571645502334009e-02 -1.610975969015119302e-01 -3.452541946889471913e-01 2.829846605355242350e-01 -3.377488379277127084e-01 1.494492442082683281e-01
3.254466328363127270e-02 -3.052535498349089396e-02 3.510942908768176218e-02 -3.094688326215538909e-02 -4.350113256302797632e-02 -2.393365683958401449e-02 -4.450680798210146505e-01 1.507559462444305609e-01 -8.151816190535230919e-03 1.103161824671500812e-01 1.923847023565700143e-01 1.141330277486482525e-01 -3.134479327214332312e-01 -2.490984089596777196e-01 1.963034973304766256e-02 4.531450410221343761e-01 -4.291987553500307279e-02 3.104623400378856979e-01 -4.067370031832020505e-01 1.299790890864686299e-01
1.398005289356147873e-01 2.845932934640245660e-01 -4.148385760675615264e-01 9.324524517068695506e-02 3.071594183430495506e-02 -3.616348736039006750e-01 9.420400595070795025e-02 1.667924326701034632e-01 -2.169753428448011889e-01 -1.257939983485827362e-01 1.241004203356647351e-01 -1.650239312964083827e-01 2.618384793848066994e-01 2.446777066606473372e-01 -2.673612658751453042e-01 -3.875071157162979230e-02 -6.218041710699137581e-02 1.581661775573530992e-01 2.314238439383480006e-01 -1.683078466691626807e-01
-2.400298887016421578e-01 -8.209044657443161086e-02 8.782409918144861924e-03 -1.753664323301583061e-01 -1.383312638967652553e-01 -4.570432465638303229e-03 1.355013810739036650e-01 2.094864081836465552e-01 -5.050059025955169756e-02 2.016042966312961982e-01 -1.385654027765939600e-01 2.225342864086518047e-01 -1.836397679182862341e-01 1.588501423187605177e-01 -5.881715383095276195e-02 2.344843054046179542e-01 -3.841852959381854560e-01 -4.110455956319143400e-01 1.271028703074424115e-01 -2.995707218984650644e-01
1.254754292244374403e-01 -2.585556157816957801e-01 1.088480941326623458e-01 4.924903334831728929e-02 3.725029554298177337e-02 -1.726364823983602692e-01 -1.205473850541870506e-01 -3.200346259813291461e-01 -1.386702608709203810e-01 3.675795721543965722e-01 3.283427563953484341e-01 -2.332005688684525568e-01 -1.438482712745802472e-01 5.439126403789405068e-02 9.702233974942274519e-02 -2.749854244236311085e-01 -3.098008129590354987e-01 3.659118863210403805e-01 -1.942733850718687122e-02 3.743652387945413107e-01
-2.019597659669791767e-02 2.756129250599062552e-01 3.523647921941845396e-01 1.632610936297860249e-01 1.068955221474003625e-02 -2.442354882017591100e-01 5.236033065178951479e-02 -1.383893751859688048e-01 -3.778952695836066411e-01 5.736088680028566394e-02 -4.213993853675073592e-02 3.781721039550729746e-02 2.581389566211184788e-02 -3.903243337025810028e-02 2.545577799496123728e-02 2.316295837619374042e-04 8.030067831851118998e-02 3.092142132595152026e-01 5.343917878100939989e-01 -2.343456249609122966e-01
-1.919488306686081558e-01 3.370748620130321616e-01 -9.132965827092309405e-03 -3.136687583932269430e-01 2.153966874218923161e-02 -1.981777840134144875e-01 1.990969537004215750e-01 6.246546648876262486e-02 -3.285870244810001339e-01 -2.539838269499441470e-01 -3.059847637960715905e-01 1.507282851225519305e-01 2.995410761873232297e-01 1.394767311686396227e-01 -1.250582697148829581e-01 1.004551858915786050e-01 1.005163687709894893e-01 -1.142273444634879509e-01 2.482524428231870361e-01 2.344585509787755484e-01
-1.094993190109938147e-01 4.649125026948101591e-01 -1.933019584541320890e-01 -2.653614666958626911e-01 9.181671731791013480e-02 -2.744608670058971689e-01 6.058257116951348831e-02 2.652591584660310420e-01 2.019982247039715240e-01 -1.112207490926648279e-01 9.192787783227941711e-02 -1.322729396477564656e-01 8.537840088611525768e-02 -5.946735956702342563e-02 -3.320514699565840222e-01 3.805015520318046907e-01 -1.134125155324064438e-02 9.596774475858618758e-03 8.103543162354684415e-02 -1.687318479723678710e-01
-2.272268024440577683e-01 2.162297495215070031e-01 1.651421229210334740e-01 4.413873379456528800e-02 -4.412091938756000642e-02 3.159981009056200829e-01 1.686304110205862627e-01 3.479427367201892163e-01 -4.430384164925226659e-02 3.073749160718876050e-01 -4.637079128682696123e-03 2.007532339415233347e-01 -1.005787999159538232e-01 -1.196613429085834623e-01 -1.470424380589523128e-01 -5.213568042636345518e-02 -3.537306809036382393e-01 -1.429959383326125100e-01 2.354061388055667114e-01 -3.186386591283703051e-01
-1.114059417884246256e-01 -2.829086347437112514e-01 3.415379638610915175e-02 1.414018409073301008e-01 -2.516055766854282186e-02 -2.720862164398132887e-01 -1.984577213519521655e-01 -4.508645978864502246e-01 -2.771124366743069611e-01 -2.805207706665388545e-01 -3.114791492871655382e-02 1.755587525547424588e-01 2.228336493588586320e-01 -1.206205680691090354e-01 -1.089104487175339281e-01 2.241937307312540928e-01 -2.882169070569111646e-01 1.466865154694102225e-01 1.628439415681670610e-01 1.178545412007829668e-01
2.194720418874972767e-01 1.501469592375901663e-01 -1.695343159804646449e-01 -1.253835532891578175e-01 -3.725340861499565337e-01 -2.220282648220427701e-01 -1.355035554213860349e-01 -5.081456760072636941e-02 2.896393292808718267e-01 -1.401115983592846059e-01 -2.114101236184003918e-01 4.992464985237290986e-02 1.905966527608499161e-01 2.756466208810733065e-02 -2.433099636601191440e-01 1.866077567319174013e-01 1.755420448290223867e-01 2.788218246168170378e-01 3.774426613292903299e-01 4.668232297037966383e-02
2.007005230316503963e-02 -1.108752574517769124e-01 2.511964106976586342e-01 1.905440892900810423e-01 2.491507810767044639e-01 1.718209970600239056e-01 1.568520782319007267e-01 1.040718935337381634e-01 4.494317238651338586e-01 -7.272468857411519549e-02 -1.354041118544343503e-01 -1.035896839826194321e-01 5.891030708381422148e-02 1.912670414992753143e-01 -4.332014433203896231e-01 3.337292872520898901e-01 -2.584620356536057595e-01 -1.658579563900456147e-02 -1.387851921943146320e-02 3.242713481520760332e-01
4.367702895860328116e-01 1.021702212075642404e-03 2.090069035441743592e-02 -7.925333926937731810e-02 -1.090040199117527780e-01 -9.577837922459216113e-02 -2.700568083689104948e-01 4.412673538856602684e-02 -2.136773853115643829e-01 3.680748746136943694e-01 -1.603936918532073153e-01 7.473196903267013969e-02 -3.195334446444245829e-02 -1.341529276656848457e-01 2.979499588033399093e-01 4.603272774242085363e-01 1.689249236258856257e-01 -1.948150655446963808e-01 -3.225657402115988254e-02 -1.698027237665171163e-01
-2.836437289767083092e-01 1.263179627599688437e-01 -8.831901683432635819e-02 1.791940121382747941e-01 -1.579408048172344925e-01 1.520659011620169032e-01 -8.296572846379997312e-02 -2.449661645670974108e-01 1.327733049235665097e-01 -3.623890098096287926e-01 -1.948275608592048291e-02 -2.347413957931404060e-01 -3.017829077683087391e-01 2.920929160882702047e-01 4.109623163774600574e-02 8.371168553661986755e-02 2.255497318219409353e-01 1.025948844782975239e-01 -2.721008932057760177e-01 -6.392904492992701471e-02
-2.136136343663423698e-01 -2.033655531436243946e-01 -6.215291593101962553e-02 3.213855363715711465e-03 2.117037535711821516e-01 -1.853855377306334318e-01 -1.370323268336951228e-01 -4.609518679001576441e-02 2.211158925645029250e-02 1.504833411803303649e-02 1.612604715871527976e-03 -1.692566682953547397e-02 4.675012051158862203e-01 3.525400082958602965e-01 -2.680909614238700112e-01 1.732035296377689992e-01 2.146322856943391477e-01 3.662644426115472251e-01 -7.012075510090645669e-02 2.624468414840683828e-01
6.503835786003036440e-03 -1.541580775658653868e-01 -3.280466299266481256e-01 2.975086699224545050e-01 -8.123142775934744098e-02 -1.587060047363131332e-01 3.559884859091954484e-02 7.373675523144444799e-02 -1.297120793299317287e-01 -1.775952016179456749e-01 -2.054785648222985095e-01 -3.413905608117311363e-01 -4.317885697242607179e-01 2.644423875131524659e-01 8.424253653049990076e-02 -1.773459313994521155e-02 -6.024962646218115503e-02 -2.146945049810147776e-01 7.192516453055869396e-02 -1.706650119387721487e-01
-1.767807025285990097e-01 7.338118864715474643e-02 2.424920762069584512e-01 -1.253230492760274428e-01 -1.001446918727385144e-01 1.092084941993060332e-01 -2.426319976000696210e-01 -3.371155062874872654e-01 -1.527764266187159048e-01 -2.364958383460026570e-01 -1.583967481967480107e-01 -2.460686430772558442e-01 1.538357960035800602e-02 4.032752728446944435e-01 -9.586736644370751070e-02 -1.007509086119447866e-01 2.821314389974022840e-01 -2.137952456388095279e-01 -3.524404857829659121e-02 -4.651071049431493624e-04
1.972300288551641634e-01 1.199891425702082626e-01 -4.021284139061433449e-01 -4.533288194305005181e-01 -3.592865982084459953e-01 -2.806755114763825332e-01 3.826341322404751971e-02 3.620834650567139601e-01 -6.308913429288814934e-02 -1.920472068277638555e-01 1.255078546411973750e-01 4.215711913891822919e-03 -1.045654016656275831e-01 1.294136667511070204e-01 3.480417626629913729e-03 1.184097070276789732e-01 -1.050216106896853657e-01 -1.058377530019119911e-01 -1.159694247933976269e-01 -2.067184845800733306e-02
2.631788587762144416e-01 3.603152426375653139e-01 1.467209781911592847e-01 -3.040638880876553318e-01 -1.907799335325123524e-01 2.325978606725113140e-01 7.171075461109051308e-02 -3.579642242205920977e-01 3.132697809998984811e-02 1.235262307376196467e-01 1.131819162858408723e-01 -3.564220745459445450e-01 4.850598614933068070e-02 -3.445532916450382843e-01 -1.185211633070104853e-01 2.960372300166612403e-02 -1.445027609944835034e-02 -5.445848884426231218e-02 -2.261972469565534105e-01 1.311377087836516631e-01
-1.106678593497267410e-01 3.176960242874889411e-03 3.595883689643722958e-01 1.545940851340074362e-01 -1.113237838368132115e-01 1.092420729173396304e-01 -2.806445097193910332e-01 9.096429880952330849e-02 -1.619918367906635348e-01 -3.160541541576769586e-01 9.710404079035001024e-02 1.534518864898614665e-01 -1.898515811075502935e-01 2.630442876706883815e-01 1.238262737463090429e-01 1.331589079139106901e-01 3.369996558530440889e-01 -6.970086459216212615e-02 -1.960736739479531643e-01 2.643538533269365054e-01
1.680018689279620947e-01 1.755995966674915865e-01 -3.124614530228311260e-01 -2.656219251223387867e-01 4.003947702695028615e-02 -8.312975143088079111e-02 6.449710684307390085e-02 3.546607391760933647e-01 -7.478083686289706267e-02 2.639182480121928798e-01 -3.545593516297317754e-02 -2.791398814051306299e-01 2.466044808283752651e-02 1.900376359763479850e-01 -2.444590417560372000e-02 4.162804794897836946e-01 7.118636392081208186e-02 1.315534962406381125e-01 1.540486494817920882e-01 3.170134977927375197e-01
-1.707396038432537066e-01 3.790943713829774131e-01 -2.105152243703445683e-02 4.327224262124467202e-01 6.988693849061343444e-02 -6.919182107481261501e-02 -2.174330872871411968e-01 -5.763164578086099610e-02 1.153032022072720819e-01 -1.584314730807367955e-01 2.766874368068474033e-02 2.189615455744889916e-01 -1.906542477269460023e-01 -1.812634197235759581e-01 -6.203262278979835426e-02 1.819275384456841421e-02 -1.054048516871938790e-02 -3.493950828184501645e-01 -2.627242864645404352e-01 1.821518440231682523e-01
-2.017032036073119206e-01 9.630126090474445955e-02 -5.671761602155135640e-02 1.931909004039401023e-01 1.106602871955295886e-01 1.582410081280443137e-01 -2.570577889716189612e-01 -8.112691240769091816e-02 -2.518212111384549035e-01 -2.661453987597168225e-01 1.711639109143830717e-01 -1.966335425681812465e-01 -3.594242016849428234e-01 -1.448728429196710979e-02 1.498467341868402886e-02 -1.920677691257751118e-01 2.861501598058346918e-01 -3.256386037259416666e-01 5.965436443214181678e-02 1.278457191542601568e-01
-1.033004599732168655e-01 7.113592292112792814e-02 3.598340352637265788e-02 4.458685275510600871e-02 1.934792679045933550e-01 1.234102695384071968e-01 -1.360734205970967892e-01 1.904273020955948512e-02 -1.170476937461504136e-01 -4.583862354010553170e-02 -3.898006042517223116e-03 -2.267203591358891157e-01 -3.387547852773132862e-01 4.765387391965133362e-02 -5.471355991770809196e-02 -6.295963700509976668e-02 1.869345901226642792e-01 -4.912615876036375839e-01 -4.292332780505756507e-01 2.005734803614557527e-01
-2.328596492672568852e-01 3.784095684622753031e-01 -1.579271866180926437e-02 1.615570058421627875e-01 2.196024291681683283e-01 5.101844557209365277e-02 -2.538264653345950750e-01 -2.111524982649962134e-02 -2.569076401338829529e-01 -1.255056350727437875e-01 -1.353643773818989093e-01 -2.637498129753010900e-01 -2.796632807711276203e-01 2.078345696263501352e-01 7.440526388466776886e-02 -2.053852515239908139e-01 6.308850738497139010e-02 -2.542112349510782243e-01 -1.881309691340161683e-01 6.847931999537126835e-02
6.487526055092592350e-03 -5.240299475877764623e-02 3.445441074575216200e-01 -1.491877572901622595e-01 -7.376860266748157258e-02 1.588411359583752624e-01 -3.792594341277795433e-02 -7.820546246837396798e-02 -1.811141546280405912e-01 -1.080516723946906010e-01 1.913941296927183233e-01 -3.098680424819538204e-01 -3.556335301643729352e-01 1.778399847428076830e-01 9.941153862947911535e-02 -3.628232692655922881e-02 3.269124769363629390e-01 -3.818702430132208669e-01 2.852323180851876368e-03 8.003879084488721429e-02
-8.775586409136561239e-02 3.226624260186655158e-01 1.328562962237097023e-01 -2.411146533075620921e-02 1.533667205906842357e-01 -5.238438928634370217e-02 -2.605420213890347059e-01 -3.160140148383180914e-01 7.410170013076067264e-02 3.360109145112194495e-02 1.112269927219116383e-01 2.774639113126629170e-02 -4.989270180225564566e-01 2.543540188451198780e-01 -1.074498839199602429e-01 -1.962189067042679758e-01 2.673464121572603769e-02 -2.082934773686585805e-01 -1.443383721786322127e-01 -1.702162443678666426e-01
-1.646173429142035460e-01 2.204627896517028229e-01 -7.838807139236908528e-02 1.935844776494804742e-01 1.327128542722909865e-01 -1.473810381251301586e-02 -2.993098423605681790e-01 -3.041807933443860246e-01 7.292032023050838696e-02 1.753133665738708380e-01 1.534339856315206641e-01 -3.439862390587586360e-01 -1.892007773037562568e-01 2.058268750375054079e-01 1.355551125476309009e-03 -1.136642986126153859e-01 6.732937171531627740e-02 -3.766841844115642601e-01 -1.179750671324776568e-01 1.713294449057878865e-01
2.075321945616365876e-02 2.613798118396157277e-01 -9.662471293998824151e-03 1.276972344980316088e-01 -1.777862061960429063e-01 3.575394737114234722e-01 -2.470608575457027278e-01 -1.244605842079502811e-01 2.284715638295312101e-01 -6.677397857317364516e-02 1.426055343301363106e-03 -2.561707248677337900e-01 -9.751305669287153866e-02 2.535895990798725519e-01 3.341066421890220156e-02 1.377882206457875340e-02 4.759535477900808664e-01 -1.458330125208978645e-01 8.578964269649477781e-02 -1.996487618617360793e-01
-1.472877125206438487e-01 2.359515836116441445e-01 -2.930297582650382981e-01 3.250638724769168708e-01 -2.185122932749767044e-01 2.965132694737013797e-01 4.696213947782737486e-02 -2.505489873363365150e-01 -2.995461328367682308e-01 1.142031192294112180e-02 3.033694108742249207e-01 2.474517979365456477e-02 2.088145976344127352e-01 -4.633609055207332100e-03 -2.181355703267117141e-01 -6.199483154474128010e-02 2.868254192596260133e-01 -1.490551420877922581e-04 -1.400673963563779101e-01 8.456928920113994386e-02
2.712047890829472063e-01 5.693328865946311462e-02 2.880701395632030010e-02 -4.666501909764835254e-01 -5.749391509550522139e-02 2.513719185003445711e-01 1.115186373102775574e-01 -3.460634464849811354e-02 -2.020697549561566719e-01 2.344802122651305776e-01 -1.960209827456930176e-01 5.201150150194149696e-02 -2.092117635912928153e-01 -4.350486093095268930e-02 3.083768586635744491e-01 -1.002353877457452108e-01 1.649603859492881908e-01 3.997201894268685440e-01 1.711895469942196213e-01 2.220862425408046126e-01
3.712953954857394628e-02 1.726345905390628266e-01 -2.804231951134542045e-01 -3.046189891224626578e-01 -2.835566500187689520e-01 1.122861214979656852e-01 2.252836167031206649e-01 3.981054149687635046e-01 -7.849104610502111168e-02 -8.905606943464366987e-02 5.502490681150648544e-02 -4.861911463531976008e-02 1.289898980478317858e-01 -7.621054617662721686e-02 2.549104410407099924e-02 1.513893479155784538e-01 -1.648140693047748725e-02 2.299459794181907546e-01 -2.938049576573905086e-01 4.564373856453062261e-01
3.979038840109076491e-01 -2.118770628888170249e-01 -3.439694930009558060e-01 2.195511955002665827e-01 1.498090953763611122e-01 -2.885741286796028038e-01 -1.690684750425522909e-01 -9.819009780608764504e-02 -2.292734478297465128e-01 -2.416279488767036909e-02 -8.606099739116382374e-02 3.887864472920505854e-01 1.856320248012852669e-01 1.274711084936583638e-01 8.762682282646887255e-02 -1.657627803959326462e-01 1.443628407915052703e-01 -2.248207287846134550e-01 -7.785410709091476755e-02 2.757850429200039422e-01
-5.398103987970546275e-02 2.551416527665517076e-01 -3.708603679519696140e-03 1.710150449714727683e-01 -4.555185638785356206e-01 3.689190191036420541e-01 1.100447641431707285e-01 -2.168623047434531381e-01 1.217545168884536094e-01 -2.968668063728305273e-01 -2.511956674309076543e-01 1.658223270063676758e-01 -1.297619145118199258e-01 -2.375434220495843685e-01 5.704414322785527486e-02 -1.985730221008471727e-03 3.649988795658153790e-02 -2.097214983992030379e-01 2.192139186351528546e-01 1.685912616255917373e-01
3.322552878155089484e-01 2.736173123255679629e-01 -2.246303875787758197e-01 -6.344923401362363713e-02 -2.503621448887459189e-01 -4.783322683777883888e-02 2.004525965624636419e-01 1.337377212058283027e-01 -3.817442832898347849e-01 3.708041840378063086e-02 2.774841191499752280e-01 -5.048096053212384332e-02 -2.471945151492396242e-01 -1.565711527743677556e-01 1.990138467126717492e-01 -7.589036484759378864e-02 -4.357565622546080708e-01 1.616795648238630589e-01 -2.194836233802697351e-02 -9.146562448354308983e-03
-4.287087785679882801e-02 8.234567895889871592e-02 9.929769727845814964e-02 2.655909780345440119e-01 -4.324302626793998794e-01 -1.596502000955256073e-01 -1.811487170703676153e-01 1.770613885136259951e-03 5.197342060008602882e-02 -1.305942650928022808e-01 3.662232494193560228e-01 -1.428283237239926819e-02 -1.944962471110141602e-02 2.305117367733996725e-01 2.022304515385490997e-01 2.284586345240904315e-01 -3.770602798858011667e-02 -2.778379366232346381e-01 3.187485849330624066e-01 1.214445672289002354e-01
