-3.247710239973491952e-02 5.248229980860480426e-02 -1.277516469230249342e-02 -7.482749866408006101e-02 -7.267374559335451623e-02 2.173413888152559911e-02 9.611003015185674847e-02 -3.800940623947985514e-02 -6.237398083151192429e-02 -8.610409336522894044e-03 4.213280498615869923e-02 1.623915181675196148e-02 2.870665936954033132e-03 3.906552999639607143e-02 2.085810700915487551e-02 -2.037319222025740090e-02 5.894472674309693405e-02 -4.163167562454578308e-03 9.815095670454976329e-02 -1.379447403299149943e-03
-1.098463982138980950e-02 -2.090432711030638241e-02 1.144288423420042333e-01 4.823496292427299770e-02 -8.482684632810393380e-03 -2.082885562512015037e-02 3.807383650678786147e-02 2.191025006056070493e-02 -3.827779844322038577e-02 -7.750713054485552922e-02 3.505235595522587788e-02 2.363689457944417524e-02 -5.696218735404565137e-02 -1.351207510511297574e-02 8.133220364862233341e-04 1.229115376226740802e-02 7.691080449114567896e-02 -9.850501736616114334e-02 -7.620600699540917844e-02 -7.299013013258323634e-02
-1.960502095588761290e-02 4.363732638166374633e-02 7.165751737033476503e-03 -5.744848791294408091e-02 2.057372139992061041e-04 4.642533474125837452e-03 6.612444588635545129e-02 1.647236955931245111e-02 -3.966491098936529569e-02 -3.133371271551545906e-02 -3.437888362195061758e-03 1.531424580440019292e-02 -4.664965543636099415e-02 5.269055170839331143e-02 -7.956218483047108880e-02 5.172502548525798050e-02 1.225258985860158273e-01 1.505000007936753252e-02 1.468235158056880596e-01 3.932361861916310562e-03
-2.408932697927680666e-02 -3.512002737177051526e-02 -2.812479185270163468e-02 -3.588743882711521727e-02 -6.969284653901047788e-02 -4.766848050064954184e-02 -4.822176071278426457e-02 3.246408048155627335e-02 4.317670751505089943e-03 4.668880094608307552e-02 1.424369806676964723e-01 -1.377048270486635195e-01 -4.124477698517074048e-02 -9.566572459898121938e-02 -6.405026885141347666e-03 -3.564244559623346627e-03 5.696723517070052811e-02 3.463933666917513865e-02 -4.201297802987796065e-02 -3.558506638618442325e-02
-3.471977373329111771e-02 6.540057344435316888e-02 2.173144623673590667e-02 -3.592713242677676028e-02 -4.287669121888315615e-02 1.372633357266249687e-01 -1.108675080017609837e-01 4.811887836660861187e-03 -2.127840466610450912e-02 -6.538234845336447776e-02 -1.767100079144214714e-02 3.664574801551206268e-02 -9.976643438980118198e-03 -2.811446504168274921e-02 2.016887490330745991e-02 -1.004446474599669792e-02 -4.956059408931093313e-02 1.623890307840541655e-02 -9.263422708821603124e-02 2.734994045149320013e-02
-3.320990383132177426e-02 -7.173582777881810923e-02 -6.065801080328019068e-02 4.506153949318529583e-02 4.159841002431731438e-02 8.211992197827772122e-02 4.573262231949581924e-02 2.902323077059873729e-03 -2.942961806950597850e-02 -2.952266578743279607e-02 1.245274546683837816e-02 -6.326595008410648702e-02 -1.077314689491119283e-02 2.935017349697546449e-02 1.116086102120217478e-02 2.557035254163240318e-02 2.187248030510746417e-03 2.642823065579056122e-02 -9.782308835864211155e-03 1.936480602910665982e-02
-3.254761670954768593e-02 -7.102109687781020531e-02 -5.946384599339134269e-02 4.312721041844832376e-02 3.882874239325322802e-02 7.658689135378364543e-02 3.959319683976521287e-02 1.330361705578595724e-03 -3.447529869117412632e-02 -2.203253772240623340e-02 1.427749244148014338e-02 -5.716446745093174686e-02 -1.141985564684301971e-02 2.436961847629883285e-02 1.700609365793341946e-02 -6.920447233671986852e-03 1.725925821487766035e-02 3.855779006284101862e-02 -1.569088256348953603e-02 2.623939390091083179e-02
-2.738582041365560452e-02 -4.364178837243985060e-02 -2.769512007069432902e-02 -3.867441512322337960e-02 -5.007021327011362821e-02 -3.966842315638383770e-02 -1.534624984303684797e-02 -2.029291761301736316e-02 1.080697716769649791e-01 -3.476222673508080202e-02 -6.053807157536821720e-02 -2.778273381368072739e-02 2.513270671293840568e-03 -4.448277171617909947e-02 2.408169026223272186e-03 9.761284329200796417e-02 4.977997594635295842e-02 -4.036895204419457123e-02 -6.097505368369428996e-02 -5.669297028826102841e-02
-3.141138682722105502e-02 4.793913674847469913e-02 -1.973684308705839219e-02 -7.901667623452411637e-02 -8.920931543596676006e-02 -6.927580063912503784e-03 1.589747306286394268e-01 -5.840249109101925545e-02 -6.131204866172913076e-02 4.866642869281167030e-03 1.807964496297160759e-02 3.239361191838629334e-02 3.151524637383269767e-02 4.770799469661995279e-02 1.909035344961335090e-02 -3.464902180608564301e-03 -2.745705799164640040e-02 1.512443464891131788e-02 4.974943635218333562e-03 2.873810573931275675e-02
-3.086625104641453274e-02 -6.739607558903384921e-02 -5.477472871557391432e-02 2.928796181849133151e-02 1.646924305973228655e-02 4.812228855381769227e-02 1.603231692248915582e-02 8.240967373903802101e-03 -3.158818403189748991e-02 -1.752954284816128638e-02 4.560294513477671646e-02 -8.549635190699451937e-02 -2.052855129043853338e-02 2.337523378111711417e-02 -9.246720226915014496e-03 -1.413796471049178285e-02 7.720469461249961085e-02 1.450762991860329865e-01 -8.244234389802304608e-02 1.893952475207022479e-02
-3.162925998963359714e-02 -5.813415242938391875e-02 -3.321006007145730493e-02 4.398406581446775293e-02 3.503185273891560453e-02 7.867347316338747787e-02 4.718597547667072872e-02 3.447226385886995818e-03 -1.076459515164963736e-03 4.173720533529964687e-03 -1.289207500168889275e-03 -3.231470819708129327e-02 1.703627940508652128e-02 -6.868119664954041269e-03 -1.117603512181670339e-02 2.641940428648831621e-02 -8.406974761309800315e-02 -1.063464235786130141e-01 8.823633895550878070e-02 -1.876480714263682043e-02
-3.178367926605869115e-02 -6.727533986417172374e-02 -5.384235483592215987e-02 2.971543461092106611e-02 3.123220635266693926e-02 5.933503555497529613e-02 3.344077789585380572e-02 -2.244865520476944931e-03 -3.782084077722605922e-03 -2.559988540264961435e-02 -1.199676004892564693e-02 -3.030482678837528171e-02 -5.048101236532191553e-03 8.462622903943393601e-03 2.107795035767564759e-02 2.441419294612888827e-02 -1.299773126650613508e-02 -3.261783048758321035e-02 -6.433295332437579533e-03 -1.948684090021395379e-02
-3.164038243191492211e-02 -6.191550173664314705e-02 -4.896736750925129861e-02 3.006323814577590778e-02 3.101497629120615607e-02 5.656817783635200575e-02 2.891037378483683751e-02 1.019535145160008162e-03 -6.586450856331984259e-03 -1.329772688100729940e-03 -2.972876744489652816e-03 8.781884436931173751e-03 4.502367783476846075e-03 -9.631339255081748305e-03 -5.182423367291300043e-03 1.059883397375465698e-02 -2.191549434582435937e-02 -4.512581301640392062e-02 2.773981272970114931e-02 -7.556735194780987534e-03
-5.846870045810199923e-03 -6.279074634665858870e-03 5.099823697128878786e-02 -6.205652012728063438e-02 7.977592073870774791e-02 -3.582245194285971213e-02 2.967207782217302567e-02 3.144961602510645132e-02 -5.115713863580371307e-02 -9.163496924503172769e-02 9.121978748882436303e-03 1.855246925996307042e-02 -5.221312661409769490e-02 -5.181459442573124741e-02 -1.001496857006315827e-01 4.052040680691641056e-02 6.366307411562671659e-02 -1.536719791054325102e-03 1.740200476175006797e-02 -2.236328807162328829e-03
1.235678894512690085e-02 -7.821325086997949275e-03 4.201424689019739311e-02 -7.527185417329662620e-02 1.077380473627108648e-01 -4.226331116954205186e-02 1.694460451436836240e-02 4.310141698291833356e-02 -3.632964873736359984e-02 -1.126888947973000016e-01 2.351348288875460685e-02 3.930113334252848326e-03 3.516202865129560567e-02 -1.117322259441942550e-01 -4.783047876540609533e-02 2.926853457586791121e-02 -8.881108601838920424e-02 8.038897968184305354e-02 1.743071787678069154e-02 1.058708364391517387e-01
-1.629459429923086830e-02 -2.124933993130979568e-02 1.218716657191585145e-01 7.242834797085574705e-02 -3.523300116868088860e-02 -5.504456940945146037e-03 3.430805685528622723e-02 1.668401861836811204e-02 -7.306907196200885905e-03 -3.823429501015977727e-02 2.625951292044761270e-02 2.621723222604722264e-02 -3.094264603782366854e-02 -1.999136320393871472e-02 1.592858159976762167e-02 3.731540116250497974e-02 4.677136657519271462e-02 -1.578117502942376002e-02 -5.384003924191877594e-02 -8.686549249077879856e-03
-1.899798550918355491e-02 1.506092565786017190e-02 -2.399267291523392645e-02 -6.861353062456262975e-02 -9.445945660415507039e-02 -3.057129567167433601e-02 8.745197551760904020e-02 -5.277148934603747427e-03 -4.335049970657345320e-02 4.786599549252073399e-02 5.314129963989892153e-02 -3.779546455351526918e-02 -4.004589644513732727e-02 -9.518745252183091754e-02 8.601330791247227547e-02 -1.062721884764766117e-01 -7.576137786104290839e-02 -5.430574198548579479e-02 -4.913505847115720755e-03 8.168573659281497257e-02
-2.434520269205336929e-02 -4.680108434119687605e-02 -2.467417257059167923e-02 -1.515411625351149524e-02 -6.835242857607812944e-03 -2.044137459801886533e-02 -1.483216595890714772e-02 -1.320217422473982799e-02 2.264084589306862919e-02 -1.756670723582422558e-02 -4.396006575478360323e-02 3.326326989493252895e-02 1.453536217630649026e-03 -2.022718858488779803e-02 -2.270452306526184183e-02 6.624116753944559767e-03 3.321704153221160388e-02 1.969476746018236288e-02 -1.857883145144198500e-02 -1.537682729125011520e-02
-3.132975284876934885e-02 -5.123213520027185969e-02 -5.099199092596578414e-02 3.068338426810107711e-02 2.305820288788667377e-02 2.145441527196518747e-02 4.720652446622330793e-03 4.362428099289351706e-03 -1.678250633119330454e-02 -3.420333940058333487e-03 8.670693405409921062e-03 4.204976840088029549e-02 -7.819242207101975012e-03 1.522722627623990070e-02 1.474085803193230307e-02 -1.033107181565678760e-02 1.022477784005578275e-02 1.791553287572045239e-02 -1.084005352390214443e-02 2.381917569275288082e-02
-8.675344520478835142e-03 -3.500882274323045482e-03 4.490204744397247039e-02 -7.458861246305394099e-02 8.710258913151293358e-02 -2.346489473959389657e-02 1.876610298819689562e-02 3.639477440141501707e-02 7.085224000705185468e-04 -1.085009626745557336e-02 2.944038637415568802e-02 -3.700719194567536445e-03 -3.931426963755215581e-02 5.727139331388006894e-04 7.638604873502974173e-03 -6.309587508037927880e-03 1.436885066321933954e-02 -2.295274816187685071e-02 4.739648820410006375e-03 -3.382636422709141277e-02
-4.919406346852570402e-03 -2.806635304694232377e-02 7.982684857594907202e-02 3.797316578164767337e-02 -2.271033127074552002e-02 -3.373872265473322474e-02 -2.250619927986791113e-02 -4.627118462589360770e-02 -8.069868996866935706e-02 -6.102564064447855464e-03 -8.471354232561324749e-02 -4.038175930352361914e-02 1.790872426049086585e-02 6.013494753068945181e-02 6.116307984310468543e-02 -1.115901474259757969e-01 -4.381033037099527072e-02 1.709264925776917896e-02 1.259105950838998178e-01 -7.476304055563766371e-02
1.583295833126588739e-02 -2.217206127205664443e-02 1.980267863764158601e-02 -1.042521067574927324e-02 2.134996811028942731e-02 -2.940958717368238537e-02 -5.349487861269892897e-02 -1.047905174109179938e-01 -1.166471695898783079e-01 7.088963205799712897e-02 -1.209591989841157789e-01 -4.366916577936757332e-02 2.510470058631289816e-02 -3.358751900407443147e-02 5.362890615275178047e-02 1.366469824436802177e-02 5.238063709073229046e-02 4.024582441322219900e-02 5.357204129217239125e-02 4.037819550933663924e-03
-1.710187764084120793e-02 -2.100495178567845719e-02 1.191694220513340452e-01 7.892423262009042040e-02 -4.142555671021617286e-02 1.120207182983050387e-03 2.905283520373490649e-02 7.797968560700365218e-03 -4.127612941868711617e-03 -1.081330179266526241e-02 1.254102166598387684e-02 1.536498386672463697e-02 -8.885269993162865643e-03 -1.275415334852630748e-02 2.683745059410459072e-02 6.455524126020107355e-03 1.338524037560269268e-02 -2.460836002602191999e-02 -3.579213028297727802e-03 -2.462315632033622304e-02
-2.489256242033199840e-02 -4.457681705331769523e-02 -2.141564052358070624e-02 -1.720888641835854535e-02 1.247032223851554829e-02 -8.328257645969332212e-03 -5.813609070871660718e-04 -3.024870952874988365e-03 3.337923224562999724e-02 8.611189792793262675e-04 -3.111247954218221076e-02 4.744897775897304049e-02 5.305528385473668070e-03 -5.955586868736096641e-03 2.277271234314428433e-02 -1.506269464895109746e-02 -4.522950020921983477e-02 -5.389736989283591684e-02 5.047641226861761428e-03 -3.888790627415524004e-02
-3.333369198141011847e-02 4.717373682573448163e-02 -1.783629491200075870e-02 -5.585056499377339528e-02 -6.530731751809937258e-02 -1.554044211328275971e-02 1.286429950622374474e-01 -5.730093879941717400e-02 -7.364205341985332817e-03 -1.688485246696522224e-02 -3.105818475251696797e-02 3.285140565549781594e-02 5.532312653702344679e-02 7.132534286729542983e-02 -2.964445777064916854e-02 9.654126583731453826e-02 -3.370826469331293651e-02 5.334998794040591436e-02 -6.504283491043544307e-02 4.597326310730454925e-03
-2.374500383859841357e-02 4.890471496558293149e-03 9.639592347390148197e-02 6.019010468489204707e-02 -3.879033585601803641e-02 5.435134217739818335e-02 2.895429175301375991e-03 9.235940577110832855e-03 2.088764970292975726e-02 2.609675344178993828e-02 1.077509131665433002e-02 2.811229804370308019e-02 2.974969261111353597e-02 -8.891703964568352381e-02 -3.325520076367224215e-02 3.007392141346090439e-02 -5.122139279970270437e-02 1.800956262673143043e-02 -8.013315677631158152e-02 5.638062428831795703e-02
-1.943881880274886398e-02 -3.763276997451186351e-02 -9.289867375213645140e-03 -3.182669018358708080e-02 -5.477760111690369027e-02 -5.425628882366616973e-02 -3.003692155990698304e-02 -7.085793165518135608e-03 5.525329965205213328e-02 -1.796747419012867386e-02 -8.575912419125256841e-03 -7.023605487644421497e-02 -1.175606822314878216e-02 -9.560762993853813910e-03 -2.420674088487905287e-02 -1.080420808995509740e-01 -3.267633485064867782e-02 3.873446780482428260e-03 1.307557583000252405e-02 1.214282398317907130e-01
-2.419779396739194302e-02 -3.572602751594820825e-02 -2.427989028929516957e-02 -2.228108895891563190e-02 -3.108840256456265119e-02 -3.148962898897489371e-02 -2.643419091632302417e-02 -7.589833663828416755e-04 -2.818148878025354600e-03 4.806712110734587956e-02 1.796562353635805520e-02 4.308748806286752386e-02 9.161838834914391369e-03 -5.763284249441170959e-02 -2.059137120728573092e-02 -1.900439277111862918e-02 5.907797213369739633e-03 -1.331458472854479130e-02 -1.412734858918840604e-02 -8.256918982663334627e-02
-2.482330924693762486e-02 -3.143116049222162423e-02 -8.238422903821056645e-03 -5.040036782296107576e-02 -5.306628192364149649e-02 -5.104207490064046476e-02 -1.155616900114424077e-02 -1.579373896285513751e-02 1.395319096453882524e-01 -4.555874565947337640e-02 -6.436342345981325985e-02 -5.564781173657780411e-02 7.927117539505229788e-04 4.583464024858916776e-03 2.960105947354931683e-02 8.257038658115056773e-02 7.518058165940684360e-04 -3.106393021430471288e-02 7.844574212285472178e-03 5.728043800785231204e-02
-2.270883536710744180e-02 -4.918793911556099130e-02 -2.861659660863974386e-02 -3.394425234478596655e-03 -5.288251048699281476e-03 -1.431174347915719659e-02 -2.454635503928495610e-02 -1.301111680828687285e-02 -1.542708196183746085e-02 1.333543115578063321e-02 -1.304013272445310456e-02 2.644554166751836646e-02 -3.112401587201810062e-03 -1.983738019095706087e-02 4.662993009279479788e-03 -7.225546815046661464e-02 4.903262888989767809e-02 3.757439575693261730e-02 -2.154072327183532976e-02 6.304917441717806589e-03
-4.363888026407019595e-03 -1.618554458168448840e-02 3.850947930815570158e-02 -7.962093267417269526e-02 1.052112322325975957e-01 -4.146032237063695253e-02 9.798558390229127404e-03 3.170960828375035678e-02 -2.450680010990408109e-02 -6.649600377844870625e-02 -4.694241450149936462e-03 1.594691588526261222e-02 -1.522736970972107806e-02 -7.005272194876628611e-02 -3.065482362350546372e-02 8.529416775933202841e-03 -8.676104412683002809e-02 3.505840338425532388e-02 -1.727451699777606681e-02 -3.709444770492448598e-03
-3.245604976757321403e-02 6.156392304118331327e-02 1.329533450588342956e-02 -5.179945187549483271e-02 -3.709998881077339328e-02 1.283076026773130596e-01 -1.250086668596189221e-01 1.045215215762206442e-03 -4.056231404036444305e-02 -6.771858394341191689e-02 -2.669699634578769423e-02 2.697587857196935557e-02 -2.238928913636224760e-02 -2.343291800186965684e-03 4.792016688687274206e-02 2.840550534058750628e-03 -2.869939152806655347e-02 1.437100606430743478e-03 -3.796895537472783771e-02 -1.700886379287027544e-02
-2.996513704725607685e-02 -3.924299920985972051e-02 -4.607102951783593331e-02 1.664046794406310800e-02 6.983523163653630739e-03 -3.012590213525783919e-02 -3.591023985000483393e-02 9.280028793770107864e-03 -1.000054655463137113e-02 4.283812506860664587e-02 1.799858791048696352e-02 2.208623131130129369e-01 -3.477591293469658659e-03 -1.682343551442473661e-02 6.285518978467295390e-03 -4.117577435053303148e-02 3.926128633838755350e-02 -2.191292526679966546e-02 2.000103666415566431e-02 8.095741086944047149e-02
-2.751657573405294835e-02 -3.418381568117061925e-02 -4.035850100173343086e-02 1.230278908959846901e-02 -8.399779578950425374e-03 -4.648773538489096857e-02 -5.505381949992281532e-02 2.334411963046861826e-02 -1.943401417911889625e-02 5.339489905120373137e-02 4.654376647315883880e-02 1.978242918159782426e-01 3.977420999237573501e-03 1.940397843453737364e-02 -2.500463093131416112e-02 -1.863963668656818187e-02 2.236144373078110051e-02 1.452917304617524878e-02 1.141425798304134161e-02 6.224946905458070973e-02
-3.097963404659343292e-02 1.718686572936869994e-02 -2.591907058379718659e-02 -6.761798428219858992e-02 -8.024312158071629508e-02 -2.143376108795496185e-02 1.201516080681672427e-01 -5.901647962710895867e-02 -1.876029773552429294e-02 -2.034635815954812476e-04 -1.466044019659049590e-02 5.298423437429805594e-02 4.664761951231605891e-02 2.006146917274338748e-02 2.390813647093516583e-02 4.454869893734945963e-02 -5.714138337123973038e-02 6.205080152767970987e-03 -9.629616377501543090e-02 -4.753086577772754062e-02
2.161738414354337848e-02 -1.373707850599080633e-02 2.964681619132399082e-02 -1.848700659706375982e-02 2.937360688733304734e-02 -3.217218240869006846e-02 -2.147423757930533306e-02 -2.995939416070121306e-02 -5.593857193662524208e-02 -2.383063767439388622e-02 -1.908003268954414772e-02 -3.288470118471861769e-02 1.677937191577625817e-02 2.514071940795171642e-02 -3.240750722740959322e-02 -5.460197980430934322e-02 -4.268225596834854946e-02 -5.928847768880107783e-02 -2.372625678031701352e-02 5.157920307596426668e-02
5.355806901633713979e-02 -1.610523382501956313e-03 3.194395106034151558e-03 -9.732979076023370868e-03 1.849310106825548597e-02 -1.990820851897015867e-02 -2.112219813652254155e-02 2.736200295741377832e-03 -6.423406638316583872e-02 -3.618439814328412718e-02 -1.038547465026732133e-02 -3.849655043844864288e-02 1.484778538025671446e-01 -5.689763665886540811e-03 -6.243283181673521358e-03 -3.998367546206503705e-03 1.591235328106486990e-02 -8.022359872636890266e-02 -1.961932596538063997e-02 1.242018331049562080e-01
-1.469623356874199052e-02 -2.502715399734987273e-02 1.067869288710510817e-01 6.926105599667191359e-02 -4.570595602659337231e-02 -1.347037098418396410e-02 1.187337436573190214e-02 3.690507278595924097e-03 -8.127380902902651971e-03 -2.075454275160097672e-02 6.400148646006680042e-03 1.017456174194532629e-03 -3.235695823952058296e-03 3.729540309309949814e-02 1.840808979491275962e-02 -2.995552893612430864e-02 -1.810467286268790249e-02 2.803199997487145281e-02 6.135189841970902815e-03 9.934461385432497016e-03
-2.026163841711730099e-02 -3.952183340499935971e-02 -3.753623753448375507e-03 6.793824904241993305e-03 -4.895717550288537778e-02 -4.457582017877474018e-02 -5.373687683044913593e-02 2.805837587443047246e-02 -7.281016746040825868e-03 1.612092590175074128e-02 5.525780066332196261e-02 -1.685086714995818330e-02 2.293559788847862602e-02 7.464270106854370423e-02 -8.477101162867585471e-02 -2.399593679832295531e-02 -1.517929159425243126e-02 9.162435431458218482e-02 -1.752147234422948624e-03 -1.767017502084616137e-02
-1.636863376275714049e-03 -1.969747997033510084e-02 2.091042081512376263e-02 -3.674653795233404768e-02 3.330649787951863589e-02 -2.702748893050424886e-02 -4.795643344681735365e-02 -4.384763072655057520e-02 -8.930016271105084558e-02 4.189194822561117387e-02 -7.673178573110051026e-02 -1.250681458843993371e-02 1.553630944941503805e-02 -2.474403577220811792e-02 2.785748033381954189e-02 1.740188566059839995e-03 6.703971314994718869e-04 1.431995782368423011e-03 2.915394445815219348e-03 -1.007756348366938282e-01
-2.836224666457169696e-02 6.968083221546391391e-03 3.260813971958091001e-02 2.411678169064006283e-02 1.244180466876294855e-02 6.518567223569668445e-02 2.020770244927723794e-02 5.391641427441129335e-03 5.203653359867546624e-02 1.035435700554381971e-01 4.308400895005568346e-03 -4.901494584072313247e-03 6.347250648180459420e-02 -7.836725149630197063e-02 -1.026066269823983218e-01 1.117656261248217361e-02 -2.777020921499648992e-02 -5.843687481968458386e-02 8.112608361636870768e-02 1.210697640273138836e-02
2.940157769089307704e-02 -7.859973473745757166e-03 3.049105245200038963e-02 9.009727201564618005e-04 2.370956539268290197e-02 -6.238260432368436005e-03 -3.802552129418621668e-02 -1.209759549683605412e-01 -6.906573375343311172e-02 1.225712486673738860e-01 -7.660403274463779832e-02 -3.429773045517892777e-02 -3.014413326813535424e-02 -3.979395213668220077e-02 4.777141875484199052e-02 1.181602718387101542e-01 6.021695107028160465e-02 5.860718824415910716e-02 8.516238243895865936e-03 5.653766276623307246e-02
-8.603158726949196658e-03 -3.481192940367323647e-03 4.076459995228233490e-02 -7.452483819179739344e-02 1.000348136704367341e-01 -9.392924722290873357e-03 2.096468374436594780e-03 2.481280940288628153e-02 5.033194769668817431e-02 7.042252542803489890e-02 3.357418156978594220e-03 -6.107290167182503546e-03 -5.838536785326740126e-04 1.095234704304562656e-01 9.599112282469567103e-02 -6.096052575846039323e-02 -4.660186090421223476e-02 -1.822205060434319360e-02 -5.828289973007639430e-02 -6.462601684843680139e-02
-1.810418334097057061e-02 -2.849315445802509325e-02 1.046804357680454073e-01 7.853023762922672901e-02 -4.585445552163713856e-02 -2.377817372519144389e-03 2.172262824653042532e-02 9.332051408744837517e-03 -1.203871999132052027e-02 -2.572771349913718572e-02 1.465713445247314797e-02 5.144989970192139286e-03 -7.452523760417889206e-03 2.572559951594322741e-02 2.257947118469347605e-02 -1.499551204605111855e-02 -2.488153072689766251e-02 -4.401408503755551045e-03 1.623214132741175944e-02 -3.973149848456437178e-02
-2.327556800548826951e-02 -7.399015634001953473e-03 -1.708100595298189459e-02 -6.752019112392407263e-02 -7.118084877737622385e-02 -3.135889254027949408e-02 -1.071314722670677760e-02 2.317748816316788502e-02 -2.161374845270427544e-02 4.491289722357097447e-02 1.322591344423573179e-01 -9.414295896371573102e-02 -6.397351542795078061e-02 -1.177461399021060839e-01 8.762809540281574217e-02 -2.739236775949408648e-02 2.540167882893094170e-02 -6.670980550011038068e-02 4.842174450967946103e-02 1.093858566164531386e-02
2.393604392505931447e-02 -8.933891938648370196e-03 -5.552389169507889084e-03 -9.071787411078580457e-03 -1.750394194643299997e-02 -4.396821039286218785e-02 -6.578744902740796263e-02 6.333357183570147153e-02 -1.029587095829019722e-01 3.318603471880911954e-02 4.241835382430778761e-02 -5.836151873905314619e-02 1.564259557710133142e-01 1.071046272264643828e-01 -7.376675767157180041e-02 9.751281558722020570e-02 -5.886142230114140006e-02 -6.265095253253259722e-02 -4.072677402950170694e-02 -3.843413134180424101e-02
-3.504835347388674666e-02 7.003884616071870406e-02 -2.011045310293507835e-03 -5.366340760077834265e-04 1.065293984884723745e-02 3.208479737012957800e-02 4.170425615581538174e-03 -5.816163678955051097e-03 1.853883475839471218e-02 2.047590856370277643e-02 -9.132004093445354742e-03 -1.482916626564388489e-02 1.839036441997809676e-02 1.875177440200793792e-03 -6.665122061094579109e-02 -5.692771182473133768e-02 5.048726030790177954e-02 -1.103236075396624681e-02 2.661551813259559890e-02 -2.190814409285306297e-02
-2.524381588389190342e-02 -3.925683087845031199e-02 -8.151763399115736358e-03 -3.398884982556313328e-02 -6.013887975590694740e-02 -4.394574406984956549e-02 -5.084055997345229144e-02 -9.874227420150340911e-03 1.206154723954023095e-01 -5.944681081821389518e-02 -7.249817572234958096e-02 -3.445952860482582453e-02 -3.245001952958280825e-03 2.822176529133908068e-02 -2.644888753500412859e-02 4.880297862224338562e-02 1.638108686020991328e-02 -1.642797223942121451e-02 4.824417795346842147e-02 2.508274201961956801e-02
-2.888549395741826092e-02 4.012751514992349972e-02 8.800902703204254579e-03 -6.724480398614757215e-02 -5.105942211970936062e-02 9.300722128486860196e-02 -1.153124408335790829e-01 2.891030768550654703e-02 -2.125059586243036036e-02 -5.493092143602588961e-02 2.903586532208198012e-02 1.153537669154721486e-03 -5.379720218019007349e-02 4.131177279763527388e-02 5.950005048930188944e-02 7.794606527449259026e-02 1.572119386915684508e-02 -3.397382657488036417e-02 8.854459873356473887e-02 1.717808725612170878e-02
-1.434920239224111993e-02 -3.192378871594497586e-03 8.956765455319624925e-02 3.639773449989572307e-02 1.259754975950585186e-03 2.558850713060327811e-02 1.778845160906904199e-02 -5.015561534638350062e-03 3.652307976557982172e-02 9.518229086731877508e-02 4.770083931379559029e-03 2.214345779175666204e-03 2.173669282554486007e-02 -3.782958442602012833e-02 3.233939985613432794e-02 7.911654316516020247e-02 1.130120166166156265e-02 5.613652288604580043e-02 6.131330846520921876e-03 7.582056171968473701e-02
-3.410450741278533288e-02 6.019203715504045649e-02 1.693065878721470088e-02 3.887418958200633979e-03 -2.577916309292277528e-04 6.143244621356036550e-02 -1.142567220379231072e-02 -5.270860056659157876e-03 3.679731278337759065e-02 4.326197007750429147e-02 -1.898402466148260692e-02 -6.331971827667379552e-03 5.192605654537724158e-02 -5.308816730699830039e-02 -9.184492051068335328e-02 -3.078588672666487946e-02 -1.784382916426888524e-02 2.572298907177335975e-02 -4.748485252015380992e-02 3.376366599905736201e-03
-4.127503877933878101e-02 9.152761072058582248e-02 -2.870798908314324202e-02 5.883953409488654196e-02 3.123308319739906413e-02 -3.150542490430247727e-02 -3.704914911398099042e-03 -6.611717479445204486e-03 2.125129387952452015e-02 -7.006581104699395428e-03 -2.330006323315658365e-02 -4.676262951399106499e-02 9.500224265370584703e-03 -3.843630331330689931e-02 -3.361566765777267846e-02 -4.785557770355584190e-02 2.361446384917309949e-03 1.097416256168519573e-02 -3.586204848000544565e-02 -4.750899266949786676e-02
-1.813045086751385523e-02 -3.856278008240492799e-02 4.343410454587705999e-02 1.979735106417013918e-02 -5.229735176252925388e-02 -4.290135423573390727e-02 -2.582790973173168872e-02 -6.267047087314433010e-03 4.116580663590155287e-02 -4.824453888851656241e-02 -3.889767115399608843e-02 -2.720009655470334228e-02 2.523200734885525012e-03 8.182227319573080748e-02 -2.325906405853407286e-02 -7.906724034858413075e-02 -3.068829397920295327e-02 3.760792152449702469e-02 6.931946503226880940e-02 3.512826896797426046e-02
-6.804647315564790050e-03 -3.276834190946895185e-03 4.648010907355710347e-02 -6.411755809250210825e-02 8.655529170382698922e-02 -7.606341441680754441e-03 1.624644583676274415e-02 3.604840011911139563e-02 8.488929343984284726e-02 4.869173862695383437e-02 2.227991432671320646e-02 -2.644758533405813534e-03 1.539570568235537791e-02 4.470949081170390305e-02 1.087144927604817013e-01 1.584271170980496024e-02 -4.729227407772303160e-02 6.535728951633924810e-02 -1.494743782949120060e-02 2.298898793190120096e-02
-3.705416603705511541e-02 7.530969461771450102e-02 -1.678252092268964907e-02 4.264902453129289510e-04 -1.050625358262846296e-02 7.709780059248795385e-03 2.074793755874950255e-02 -1.681706466418037352e-02 -7.702011688156684341e-03 -1.268762006588624106e-02 -1.206403787403249536e-02 -9.625217887683700999e-03 1.030585009482001477e-02 -1.799890461718631814e-03 -1.012608236086634875e-02 -3.133530483072501788e-02 -6.844973871618680733e-03 2.025625139583981521e-02 -2.973121630862733331e-02 -1.783900347146566770e-02
-3.430732592439261763e-02 6.586036717689959519e-02 1.281597534638451164e-02 -5.656081020599351000e-02 -4.081090483210299963e-02 1.298740187292753978e-01 -9.820275392319974261e-02 4.800503401301523497e-03 -2.460478103942773456e-02 -5.764753283937574385e-02 -2.897675704315563934e-03 2.905008668285901860e-02 -2.035561907770240542e-02 2.292844213311231311e-02 4.311989486461172139e-02 -6.396989718862688620e-03 -2.753630146904179760e-03 6.877030870812558469e-04 1.897516476792186161e-03 1.357180045780503365e-02
-1.160843745059561907e-02 -2.530597657988099651e-03 -2.499670786541656822e-02 -3.596887204643300136e-03 -4.432639215286431067e-02 -5.154730813931018840e-02 -7.989484445548367120e-02 7.701947120351597398e-02 -6.342637111963837782e-02 6.129501300667630770e-02 1.124986885869960901e-01 -2.363307108851358043e-02 1.936432027747067228e-02 6.934225215010664245e-02 -5.005597978333130305e-02 1.166299962856241074e-01 -6.165465182608092370e-02 -9.420423809349407623e-03 3.285652531946855939e-03 -4.037158344783334241e-02
7.510230563381471713e-02 9.243028117618574957e-03 -1.782960665188424929e-02 8.507259053730658466e-03 -1.616734940541475485e-02 5.198637627212303672e-03 8.445198021795009488e-03 6.993195224981234304e-02 -3.740620765202841251e-03 -1.115776007325457696e-02 -2.035326173353096610e-02 -2.149971140386071778e-03 8.132558252474408889e-02 -6.200162125819462869e-03 3.699979308928479094e-02 -1.128195128586693833e-03 4.969625770553330601e-02 -4.838733195808402054e-03 -1.177793202010865234e-05 -1.536936812140017074e-02
-2.228245948419999706e-02 2.985577504125462231e-02 3.910745314655621196e-02 -4.232026071271108997e-02 4.892927059403090473e-02 4.448935349722151628e-02 2.379586963649895064e-03 2.312297859679779063e-02 6.353054720404653632e-02 8.736760348083268124e-02 1.677488171758847665e-02 -7.910458765223725083e-03 1.672689129785966816e-02 5.149514030215374821e-02 -3.669161727299769665e-03 -1.618365631659538992e-02 3.540376886619038543e-02 3.014434031448956584e-03 3.942917249318095285e-02 1.097241708159473654e-03
5.865041155615646068e-02 4.689611269948659560e-03 5.195943907484382521e-03 -3.464493949230308852e-03 2.705385449346324120e-02 1.990410189405118074e-03 -1.344383090505589518e-02 -8.909781267053161480e-02 6.601934947114547654e-03 3.804605059889807489e-02 2.421108578437188713e-02 -1.540774291376046864e-02 -6.932019150660330420e-02 7.379812691268609892e-02 -3.474170673325007591e-02 5.419439504654113490e-03 5.252270455108324493e-02 -8.813616987283601212e-02 -1.115206167161268830e-01 9.666532608682386341e-02
7.828112529490983962e-02 8.801075625163742172e-03 -1.435127130859955961e-02 1.126007780426463260e-02 -1.915813299115514626e-03 9.995116530109541403e-03 1.084403645503254424e-03 -1.459886634186548064e-02 2.455218426642738830e-02 -2.765138835256153102e-02 3.338480904225100965e-02 1.030720846666043078e-02 5.080870154448977744e-02 -5.815609233732312380e-03 2.554414393260697261e-02 -1.128242190652322709e-02 4.739127808902693362e-02 -1.229762036608832501e-02 1.622392797966279486e-03 -9.296637168600466877e-03
-4.032347295742959303e-02 8.659261417499260205e-02 -3.543817444251140536e-02 5.480620420468900605e-02 2.816742368290973270e-02 -5.262465154107885679e-02 1.063994258766642019e-02 -4.942498607299365340e-03 2.435266491828487825e-03 -2.202205824866417319e-02 -1.266773971191882328e-02 -1.537807441885676724e-02 -1.235906751946373207e-02 1.289207022360595173e-02 7.579563662417472536e-03 2.002604970225239575e-02 2.122434339356860447e-02 3.700940104834479424e-03 2.491256975849482497e-02 -4.069112693792223921e-03
6.847665794383550608e-02 1.169880190432138860e-02 -2.440125572277595384e-02 7.685444488330838049e-03 -4.146424628742780005e-02 2.975000761045315956e-03 2.154629285249820558e-02 1.487163680093254170e-01 -2.826292378943138714e-02 6.147096898014973304e-02 -1.000991099717243454e-01 -7.346483944438745965e-03 -9.169842807983222266e-02 1.278605591626869736e-02 -2.728176114367910493e-02 2.550440493866684699e-02 -4.673626498373986693e-02 1.714403233927235329e-02 -2.631828340175695544e-02 1.441184469248035533e-04
7.400018218084303268e-02 9.016231248852115548e-03 -1.750363388634307640e-02 7.480881796916832860e-03 -1.658530882618933569e-02 3.776555690700112138e-03 7.987603241241819294e-03 7.565288268984690645e-02 -9.908480322748646277e-03 -6.329974909305789016e-03 -2.662276433474419085e-02 -6.316790831856130932e-03 7.920812490436435205e-02 -5.255088714759363882e-04 2.960001615502760169e-02 5.277744238555309199e-03 3.823959190545854481e-02 -9.537338128880620824e-03 -9.058281239041744357e-03 9.113811646345196206e-04
-4.150179108482294349e-02 8.953176420678708725e-02 -3.548013180136700556e-02 6.746218363662435935e-02 3.533250235277115431e-02 -4.910369899421389295e-02 -9.008452967087776306e-03 -1.498252167092133580e-03 1.241436461471602352e-02 -1.142433954946791598e-02 -1.125410896466284838e-02 -2.386692558994242541e-02 -6.609440246303050284e-03 -1.861956155287613698e-02 1.118116555916967222e-02 -1.490900813667822219e-02 -2.011384032384221348e-03 -5.898662247728890182e-03 -6.107279765903587260e-03 -5.538836905676958883e-03
7.848576484074154536e-02 8.215063257624657597e-03 -1.205395139460158950e-02 1.277852123777077457e-02 5.092224464809353562e-03 1.250460616990708984e-02 -4.617372296340899532e-03 -8.271879838184302558e-02 4.358057175884740703e-02 -1.850281220224076623e-02 6.946226307872080397e-02 2.348260330773214652e-02 -5.805649339608326409e-02 -8.582634233193612433e-03 -2.793995514680910550e-02 1.681298916994298717e-02 -1.005007024335844157e-01 8.220525651824904523e-02 6.460643342678748513e-02 -8.147131120706092855e-02
7.360815496550644765e-02 7.388842992482480380e-03 -1.073148831505060449e-02 9.966382947568229803e-03 -2.374264115320790739e-03 7.187381430287480624e-03 -1.939304239763490730e-03 -2.976570362982650098e-02 6.297988170705670977e-03 2.983811161623949309e-03 7.783307829377640943e-03 4.419778069251240776e-04 -1.827737690253805614e-02 4.274529909537069794e-03 -1.331937829160363684e-02 5.187079252010215469e-03 8.425691538256934593e-03 -2.761342260204685539e-02 -1.420054925486882724e-02 2.904891818243095919e-02
7.634747877141399852e-02 8.769187200210248889e-03 -1.412261943176161723e-02 1.140436229234938897e-02 -7.525121075555340697e-03 9.795380886356426856e-03 4.693517439384425893e-03 -1.061931531612108313e-02 1.658439661570766319e-02 -3.054392799076553907e-04 4.428925686812875025e-03 8.043605936153309932e-03 -4.259877206987528614e-02 1.019438806187494308e-02 -2.186069376766550457e-02 -1.387803264636122344e-02 -1.104971152562075551e-02 -1.993093421731893453e-02 -1.741806593865909830e-02 -7.545724846662381878e-03
7.585118800585935461e-02 7.674527298025185691e-03 -1.171535640223692921e-02 1.009120181032734445e-02 6.012637481158073600e-04 8.107639777162578901e-03 -1.003402774720034462e-03 -2.972764446600752522e-02 1.982984272807600257e-02 -1.961623044770522892e-02 2.807320600607819336e-02 7.632093901067883018e-03 5.959344169908940315e-03 1.341188215764793938e-03 -3.673123105047957672e-03 -1.532403383501362501e-02 -1.275084468402862400e-03 -1.279136276943622537e-02 -4.005788893984115612e-03 3.210371084762900316e-03
7.919480055545184694e-02 1.018172684523856175e-02 -1.742274886956306570e-02 1.251073904432176837e-02 -1.144152962661590216e-02 1.237066637445144619e-02 1.017295087019398983e-02 1.390723061112745206e-02 2.490476773782710276e-02 -9.919145677641417677e-03 4.372432139242596501e-03 1.580072022997181663e-02 -9.840785802834159726e-03 -1.441577045180653625e-02 1.265188865025629675e-02 -9.749444232640923358e-03 3.953091122825626888e-04 3.166771172744117790e-02 2.346419027632157261e-02 -5.153732175350921041e-02
6.940673363465904577e-02 4.136982611913341164e-03 -4.680051293354567377e-03 9.555112294810532911e-03 8.918010400698140119e-03 4.997730525827799412e-03 -1.592874551439487502e-02 -1.013754084862270727e-01 4.447923863794610820e-03 1.671637823843868942e-02 2.487126520076604619e-02 -6.873102179452664391e-04 -7.144663391080575965e-02 1.064288336323681271e-02 -3.842927832504573066e-02 2.344367471145311979e-02 -4.817831799903127266e-02 9.047205960738990971e-03 8.158217252331638816e-03 1.502514737033746684e-03
7.373138442304512374e-02 6.418564383733474550e-03 -7.835971185435431502e-03 1.162109377572343241e-02 5.581812753644036298e-03 8.893917741440191677e-03 -9.189144924637992692e-03 -8.515793807043696428e-02 2.193731284513599986e-02 2.321104868612683565e-03 4.210200728806295922e-02 8.632691930894184282e-03 -6.278451878147738030e-02 1.011335697813507684e-02 -3.667365980780032397e-02 1.403472354112209573e-02 -4.345269023089597116e-02 4.236484195466180130e-03 4.004305341777748134e-03 -1.575497768362145792e-02
7.901336023201478709e-02 9.066055266055301001e-03 -1.547960283251009761e-02 1.159335461896284294e-02 -4.324165199163373767e-03 1.011998544775443223e-02 3.725052352152843742e-03 2.025467807961452062e-03 2.431445714340242301e-02 -3.652491195609429420e-02 2.814035616856049374e-02 1.203855688398384506e-02 7.668263402284872243e-02 -1.984527403464586212e-02 4.261077959370718204e-02 -2.279871714964981644e-02 6.667119534669624370e-02 -1.260539558958834357e-02 1.323470282402915144e-02 -1.488482191506797572e-02
6.477868150704078898e-02 6.612371431223576512e-03 -2.495318323273855443e-03 -1.064226733692368206e-02 2.608940560702421863e-02 2.189820550527392211e-03 1.199157895500987080e-02 2.492689712280901984e-02 4.408522458560434204e-02 -5.542068135394011968e-02 4.813972516094806864e-02 2.058202106701217254e-02 9.545155480013856053e-02 -5.725556511646317376e-02 8.975165628205571122e-02 3.830896181775489493e-03 -2.422168913134681995e-02 1.450728421643598387e-01 7.481191951323368228e-02 -3.570824570134856907e-02
-3.817929732861857772e-02 5.454233071312687003e-02 -5.011980300492085982e-02 7.458336621120742471e-02 3.349970071673787769e-02 -7.836343776627660573e-02 -3.376850970722306694e-02 2.022726644544028604e-02 -1.457628667999003556e-02 2.985759588852102651e-03 3.202426068951571420e-02 6.944243903509540738e-02 -2.752548486951260365e-02 2.367611343999339105e-02 6.868415979731233578e-02 6.234038642124846430e-02 -1.844115399545161876e-02 -2.325505028439655772e-02 3.415687599002038138e-02 7.949824604422585372e-02
-4.001607234745766656e-02 7.689684869150510693e-02 -4.439657415445931454e-02 7.355070962040119453e-02 3.351769157079639849e-02 -6.654696592115423581e-02 -1.698771164619705329e-02 9.230061933098077445e-03 -6.006540815032950301e-03 -1.556264225876273152e-02 1.003623593240126829e-02 -1.693190784100347818e-02 -1.879212923939987262e-02 5.870428476471200620e-03 4.916470421224355264e-02 3.664415336440284693e-02 -3.353510099048410270e-02 -4.975879165186199680e-03 -9.714021333499840358e-03 6.922574771045375682e-04
-4.368389094583538350e-03 1.464857922525965653e-02 4.049213632095890331e-02 -6.752684763036956306e-02 9.871212393330866530e-02 5.255456909753558007e-04 1.565345691449366791e-02 1.605365065823629797e-02 5.712616282716842520e-02 5.978491323421163822e-02 3.664174276153108617e-02 -1.366088272054838230e-02 -4.920495152220340923e-02 1.399481365293111235e-01 4.658477782809136367e-03 -5.595096854905103056e-02 1.075515068575304961e-01 -6.606127008928017186e-02 -1.005926370330156305e-01 -2.140557937117269164e-03
7.595413184156875330e-02 1.302092938040129606e-02 -2.389838536269291852e-02 8.787286040443790733e-03 -3.876229228323190695e-02 1.014662850373410780e-02 3.493088515920483167e-02 1.484630432155330249e-01 -1.730363747309342920e-02 5.054785424919301662e-02 -1.242490264690384039e-01 -1.692593279443419842e-03 -9.673230107756504437e-02 -4.049939782653039395e-03 -1.374141969683306992e-02 -9.182314232144181063e-03 -3.393808298636524085e-02 2.500484725711541248e-02 -2.529797740043126381e-02 4.825283596369283473e-03
-4.227926831866522794e-02 9.157091625818374048e-02 -4.265208117541326172e-02 8.063763117574394845e-02 4.234513734222293546e-02 -6.951019773990854689e-02 -1.231079897598467456e-02 1.674422259850988663e-03 8.045017195222178494e-03 -2.108784449283514911e-02 -7.013740074698400322e-03 -2.273924878984653550e-02 -2.144609755059447009e-02 -1.034262647691231059e-02 4.922892115143146646e-02 1.006104583881428129e-02 -8.785522546057331766e-03 -1.556200371950957825e-02 7.083256138538254233e-03 4.330673924117428575e-03
6.106827188340567536e-02 1.617087405041903875e-02 -2.183564791335013827e-02 -5.778419337932668744e-03 -4.407554344512112227e-02 5.673409784261449970e-03 4.921669318704396945e-02 1.300739716146826486e-01 -2.934552092436501156e-02 5.052755056570713138e-02 -1.042350156615106660e-01 -6.710956692013101028e-03 -1.055067173073535591e-01 -1.226490849379556144e-02 -1.310228054406423898e-02 -1.639573573428849615e-02 -1.612708077513327551e-02 8.457916390304461712e-03 1.422137787438781421e-02 3.769530820464248727e-02
