-3.925504414349895166e-02 -6.037041998433046591e-02 -8.664295653699541355e-02 5.036154965088510821e-02 -5.315814163663754033e-02 -5.439433950480332923e-03 7.732418064773049354e-03 8.065356385402992767e-02 1.445318943853035054e-01 5.126398705581466930e-02 2.021367387628993182e-03 -1.101657017627411667e-02 -6.784774581091868560e-03 -1.484686094124565425e-02 -2.639725524406129689e-02 5.502889002139888484e-03 1.157088089640951646e-02 -2.925543765197635010e-02 6.569353989160622853e-02 1.278846048730911400e-01
4.888254134444543902e-02 -3.506298083978197366e-02 1.632653454140178539e-01 1.251163552322027972e-01 -4.597313024900288175e-02 3.961688228850235955e-04 4.527712370648473428e-02 6.111612137837377570e-03 2.242987897835600763e-02 -5.474860618117888267e-02 2.507337855454282172e-02 -1.111046654660072415e-02 3.601592152211142289e-02 3.544188263209486957e-03 2.210726234108188228e-03 -5.662665696499251389e-02 -1.814433637357885584e-02 4.134241575139615057e-03 6.855094244410243724e-03 -2.356499116355601116e-03
-4.932293356930147338e-02 -2.796212866205336975e-02 -5.981200744626938293e-02 4.901989966469164073e-02 4.648406121556006472e-03 1.171199486911605678e-02 5.022807149206917447e-03 7.011699708770405270e-02 5.300946825904317983e-02 1.655607581778597084e-02 -1.726234790267201433e-02 1.044109091104813286e-02 5.315240376973246611e-02 -3.173912337860984503e-03 -2.199460521593528395e-02 2.883433126795209231e-02 -2.890837010494259202e-02 -5.549355752224825050e-02 8.243887914435100994e-02 2.735206534637291131e-01
6.881636721585170091e-03 -7.363370036839417265e-02 -2.865045596553587436e-03 -6.802083136208061931e-02 4.049558900028507429e-03 -9.031616059502986515e-02 4.762982783706616987e-04 -1.790427231920174028e-02 -8.962348163563086875e-03 -3.488437341156606225e-02 5.014058639802452394e-02 7.624469824758373093e-02 -1.058790297375781890e-02 -5.223165859589650600e-02 3.487607707083863473e-01 -1.718390678511382691e-02 -5.427787511075370108e-02 -3.505782087885886411e-02 1.352783758350662446e-01 6.698887416991351762e-03
-5.436045132064800528e-02 -7.629892583994878075e-02 -1.552273929610497594e-01 1.236635222367273440e-01 -1.534145722586996996e-01 4.894908049944463740e-02 -6.935523356193822563e-03 -7.350446182613272483e-02 -8.603446526630596780e-02 -2.434544721969153502e-02 3.918730870397180155e-03 -7.522031402363172498e-05 -1.037077960131100804e-02 3.190778843899208777e-03 8.239587018930891182e-03 -5.977788573903328011e-03 3.506193133844673956e-03 1.367931545454251392e-02 -2.351170597713167845e-02 -6.698255863691465750e-02
6.697368722356832060e-02 -2.831935788816783775e-02 3.112059603215420675e-03 -8.687078184554794524e-02 -9.688994443113998004e-03 1.727098504894670206e-01 -1.726447848773386348e-02 9.948332934343915440e-03 1.178682854072373408e-02 -5.490779825457057194e-03 1.578447853522713107e-02 2.381243822116668914e-03 9.007628274945634131e-03 -2.466316466256643705e-02 4.401188916917365274e-03 -3.236724755735145148e-02 -1.782881438473148464e-03 4.789575024674385707e-03 -1.291512726754788856e-02 7.000116437823716321e-03
6.727809105841539572e-02 -3.001413217140382061e-02 3.469961745908998335e-03 -9.113289363346734062e-02 -1.026952208731856525e-02 1.845295529856095795e-01 -2.151623350403979867e-02 1.154566827415127485e-02 1.415283347115590257e-02 -7.623227807545844212e-03 2.084279250952037268e-02 1.942416596974607529e-03 1.422572421674427740e-02 -4.788876107197150012e-02 7.783652103059575042e-03 -6.555766949024886825e-02 -1.422940132195808609e-02 1.870381637544060727e-02 -7.014926065181359416e-02 3.515147926780034376e-02
1.267835031654452986e-02 -7.340716442644912298e-02 1.131857851350013058e-03 -7.128999562499667431e-02 4.050646430333539397e-03 -7.911734918450337439e-02 -1.183814229004383185e-04 -3.253931132432966861e-02 -2.354380632257613987e-02 -4.323746936010043618e-02 -5.382780716210995575e-02 -4.253141559263424326e-02 1.602340915886931241e-02 -3.757633093052475948e-02 8.566797340645349035e-02 4.567618668235234186e-02 -2.128881979465769847e-01 -1.946389108784026684e-03 9.376755226595155646e-02 -2.101847623575338331e-02
-2.637547919213439548e-02 -6.585137482755819283e-02 -6.284157065862899794e-02 1.396562137350985770e-02 -3.105337461309657168e-02 -3.733015746925779504e-02 1.301792377211544172e-02 1.255422646691557731e-01 2.379917669975603889e-01 8.011220969464558084e-02 9.796837908220557001e-03 -1.914567039381668070e-02 -3.101794785349740180e-02 -1.644575863165968765e-02 -1.936619116317911393e-02 -7.015608412017294848e-03 2.192293199861810454e-02 4.544071296534363258e-03 2.037241897773784532e-03 -4.924270777737339844e-02
6.802054582291298945e-02 -2.981729819498046830e-02 3.365450131113314515e-03 -9.249797419245307795e-02 -1.056759362146088115e-02 1.905713609429208755e-01 -2.228321804662379557e-02 1.266182504693857784e-02 1.542062288908460643e-02 -7.852415522580804760e-03 2.453686448483960794e-02 3.365663454645994538e-03 1.624792196406504158e-02 -5.412839433444927018e-02 1.003218301923097973e-02 -8.503205469888391876e-02 -1.433637096183856298e-02 2.594262670668603596e-02 -1.003164690496475414e-01 5.321360043884328095e-02
6.509124761168262607e-02 -2.375973149162072945e-02 1.415348358160227991e-02 -6.219175705919215147e-02 -9.633596834663665787e-03 1.430427654598694920e-01 -3.778522025422548225e-02 7.517422127172053437e-03 6.547138750126167868e-03 1.031860930968256894e-02 -3.950186527236501590e-04 1.471580997475822536e-02 -2.592776983649967143e-02 -2.348147398250648860e-02 1.240663247646060265e-02 1.180200155993397643e-01 1.955412969920221952e-03 -1.192249571713953002e-02 -1.227860658248102095e-02 -1.162019434369239088e-02
6.697368722356836224e-02 -2.831935788816790020e-02 3.112059603215383812e-03 -8.687078184554794524e-02 -9.688994443114024024e-03 1.727098504894671038e-01 -1.726447848773383226e-02 9.948332934343863398e-03 1.178682854072366989e-02 -5.490779825457038979e-03 1.578447853522711025e-02 2.381243822116654602e-03 9.007628274945634131e-03 -2.466316466256641970e-02 4.401188916917339253e-03 -3.236724755735138209e-02 -1.782881438473148464e-03 4.789575024674474178e-03 -1.291512726754788856e-02 7.000116437823749281e-03
6.214282221707147225e-02 -3.135501511688002646e-02 4.176558677566897040e-03 -8.194980461705594910e-02 -8.298964006865243437e-03 1.448850924184643674e-01 -1.689111727742161062e-02 4.886144083843109789e-03 6.681760847069039173e-03 -6.308007720929663213e-03 1.367341831925764821e-03 -5.151470846649905573e-03 4.178175434146467158e-03 -1.923625119953723678e-02 -1.899791238086858238e-03 1.359679312376061919e-02 -1.385687740602914615e-02 -4.318671674242199887e-03 1.774394356697817435e-02 -1.627745689706961221e-02
-4.790249882548848481e-02 -1.023762456136564913e-02 -2.531032178958950510e-02 5.047190860129557172e-02 1.128265470945783999e-01 2.352649812568635007e-02 -2.522798988571223720e-03 4.814557448016627828e-03 -9.991728263219328346e-03 5.654848236316655646e-02 3.026472776305101295e-02 -2.633134133307894753e-02 1.948396061898989007e-01 4.351979526355960297e-03 2.396509739747465159e-02 7.483442384646875334e-02 1.200327457956817598e-02 9.733723521774546427e-04 2.003546333055293560e-02 1.260039021172752460e-01
-4.628014478181913943e-02 -5.341556886185769640e-03 -1.469056158110645591e-02 4.519386728343534332e-02 1.180861816623279131e-01 2.091391723656714496e-02 -9.254531908802828000e-03 -3.745996760710746266e-03 -3.462977048709996869e-02 1.011407795212578703e-01 5.401805878847258657e-02 -4.450658662168591878e-02 2.854035411923450116e-01 7.839664894152465272e-03 4.570895195888341478e-02 1.009692937202420204e-01 3.900599188214363272e-02 5.165877355266041554e-02 -6.932699005338262277e-02 -1.239063970275117166e-01
4.961179740866966670e-02 -3.393659612774729828e-02 1.612216251899657726e-01 1.237630473104896073e-01 -4.551624546184928483e-02 1.538602720830778989e-03 4.142808744725381964e-02 6.303195828835556763e-03 2.242949529169774650e-02 -5.305320979155127986e-02 2.450041524181144348e-02 -7.972047590028051925e-03 3.095018791564569174e-02 5.834104401418393863e-03 6.076861073111945559e-03 -2.556359710639048710e-02 -1.920044564845281229e-02 2.220908241314795140e-04 1.269550846802636190e-03 -4.657294945281706400e-03
-4.823680728694604986e-03 -7.248836521238272157e-02 -2.443785473010286549e-02 -3.686642896042126999e-02 -9.865836722184039356e-03 -7.366202032640996322e-02 6.160251085204913706e-03 4.356973183783776488e-02 1.047963627157734584e-01 1.730899926158167845e-02 1.839405698000652276e-02 2.187406847549325239e-02 -2.532742053825355610e-02 -8.014480730306208778e-02 2.084439674410012155e-01 -3.932543444957918577e-02 3.284631144285374282e-01 -5.430111770839139707e-02 -2.290531503479622741e-02 -2.439037384030707731e-02
1.243704348524429792e-02 -7.074413044321145594e-02 2.755374614566591732e-03 -6.684586900327364745e-02 4.596123879990021525e-03 -7.494349595796642727e-02 1.815880485599911216e-04 -2.959277060597548942e-02 -2.483741469837487739e-02 -3.118999463775514944e-02 -4.576087327642713171e-02 -3.550915642608096917e-02 1.158208573016006500e-02 1.145358452031258224e-02 -2.925121020194835011e-02 1.163415375400621808e-02 4.852330324334112703e-03 1.320121291724980078e-02 -7.720883557813332243e-02 2.099542169346615278e-02
6.848462355123878520e-02 -1.394489060949771243e-02 -1.214350298618726773e-02 -7.168509687382342010e-02 -4.831619711587822191e-03 1.029744132160387571e-01 4.114487286603962096e-02 1.172718679666694998e-03 -7.013245378912953297e-04 -2.650201524247559025e-03 1.017810344822359971e-03 -2.194472624321277231e-03 8.478683597018258494e-03 1.283004154861920321e-01 -2.117969274744261471e-02 -1.311791238027512109e-02 6.548021994055334971e-02 -3.670461201474680552e-02 2.061656507943701588e-01 -7.394432822691061891e-02
-5.020440283062380799e-02 -1.282861564500481326e-02 -3.224997130533208828e-02 6.047003004018508543e-02 1.434767849100095360e-01 3.300550885346172775e-02 8.969334828216721581e-03 -1.062844063601950731e-02 1.377650530097179749e-02 -3.401905761879878143e-02 -4.747534550919097103e-03 1.777630326921842557e-03 1.648457664763148698e-03 -4.247322088786934066e-04 -4.029908750177585430e-03 3.151575780557810437e-03 -1.394251019957876842e-02 -3.390389026981614762e-02 7.004580593796459753e-02 2.002771926357905796e-01
1.886377491298137435e-02 -4.411509154591738979e-02 6.852602918759931327e-02 2.521355835112697175e-02 4.963192572821568992e-04 -3.398970232799859714e-02 -2.470361319852669435e-03 -1.982681682584951088e-02 -4.050736624178986195e-02 6.012388725541532863e-02 -7.658391203395342739e-02 -4.438085923887677420e-02 -1.647606608853456958e-02 -8.427284231661534564e-02 -9.373942482345606897e-02 -1.430634081695055515e-01 1.640835778969962355e-01 -4.429221808949602296e-03 3.344070923859467775e-02 1.152004836985892275e-02
-4.026444374139559294e-03 -2.536629730335206862e-02 3.358404945942239372e-02 1.385040164931547121e-02 3.625018264314654182e-02 -2.100259882160608604e-02 -3.594409378506444736e-02 -1.666945768058949659e-02 -7.655721481824957764e-02 1.884654260659644198e-01 -6.515039536082717353e-02 1.604724735171937991e-02 -5.891363037830421590e-02 -5.197165419453688914e-03 -1.312383875818125614e-02 -1.853375173436813128e-01 -8.300958084534995965e-03 1.593750695611274165e-02 7.986784941229839105e-03 -5.656559440664490380e-03
4.961179740866971527e-02 -3.393659612774731910e-02 1.612216251899655783e-01 1.237630473104896489e-01 -4.551624546184922931e-02 1.538602720830824092e-03 4.142808744725380576e-02 6.303195828835437067e-03 2.242949529169757650e-02 -5.305320979155118272e-02 2.450041524181140185e-02 -7.972047590028024169e-03 3.095018791564571950e-02 5.834104401418421619e-03 6.076861073111841476e-03 -2.556359710639052180e-02 -1.920044564845282617e-02 2.220908241314378806e-04 1.269550846802872113e-03 -4.657294945281596245e-03
1.767215473093508224e-02 -6.860902737620955261e-02 4.009702059652777047e-03 -6.932246269781561221e-02 3.275783307745018698e-03 -5.572031467532969490e-02 -2.450352919367721968e-03 -3.114617649617709705e-02 -2.465239920227945553e-02 -3.323750112263489792e-02 -7.544638487576692254e-02 -6.949203700440688414e-02 1.799305612896101234e-02 -3.844149612185139564e-02 -3.844465327324227133e-02 3.460646258433604933e-02 -9.963008284999581854e-02 8.562682188162185765e-03 -8.868194062088999990e-03 -1.107213752086037492e-02
-2.897369578646593474e-02 -6.034465999146317039e-02 -6.030712500151569344e-02 1.571151297570511432e-02 -2.165380994030041695e-02 -3.325363769941232922e-02 1.386186200875598809e-02 1.374460946043072618e-01 2.457767592294428372e-01 8.402211290441782832e-02 5.165928258332941163e-03 -2.193260648345414857e-02 -2.140523929212599652e-02 9.721045296924461570e-04 -6.121047416211366360e-02 3.961511051793066389e-03 -6.713891384399099660e-02 2.042585858577894431e-02 -4.846238275475756897e-03 -4.590342881885017823e-02
5.473521865059312319e-02 -2.188678282636492139e-02 1.304695874507992293e-01 1.006959067047709516e-01 -3.568042461307002755e-02 1.109496979562269413e-02 -2.872165392635568030e-03 5.657944589156310364e-03 1.414992166881342238e-02 -1.762635075348446823e-02 6.222210184239952008e-03 1.930403007234257964e-02 -2.530813905086874704e-02 1.624646777263916500e-02 2.500301181147749491e-02 1.878332628887430800e-01 -2.478191744330036222e-03 -2.032727410757806386e-02 -2.790453488902561521e-02 -9.363300151138094843e-03
6.332653552775544675e-03 -7.165390178295857893e-02 -1.494399803922545926e-03 -5.800841673079989991e-02 1.244557274062573068e-03 -8.249176084653829510e-02 1.340820024257161763e-03 -1.007145477667564619e-02 3.901688428617882450e-03 -2.160839109189108265e-02 8.589021479025715430e-03 1.173779651871488007e-02 -4.102311173803988541e-03 -1.065617299829149656e-01 4.911761031107150441e-03 -5.244238770454412966e-03 3.452454880708636376e-01 -2.295852958958255821e-02 -6.431592648271075574e-02 2.393842916720314434e-02
1.016255822722406457e-02 -6.877652524919121435e-02 -3.406726828782874472e-03 -6.404600031566183571e-02 3.032591641461629753e-03 -7.011550910223907085e-02 2.932829480949343797e-03 -1.349644134711047889e-02 -2.883618577734190901e-03 -2.221357104624240367e-02 -1.338663571842787451e-03 7.498328685077589560e-03 2.476096940333107066e-03 8.928060306548786518e-02 1.244519356724011101e-02 1.243363067847522347e-04 -6.868954885975747660e-02 2.593855322664181604e-02 -6.952111424278914487e-02 1.170328632229937884e-03
1.535730154312264263e-02 -7.378749040611906618e-02 4.940501636442103800e-03 -7.200470076769570349e-02 3.986171048653401779e-03 -7.559288222056428919e-02 -1.636604004570722760e-03 -4.253180189518140225e-02 -3.466392844780717686e-02 -4.921266480037954361e-02 -1.192253401665581969e-01 -1.199567195785933155e-01 3.152912557435262608e-02 -1.225400885503437204e-01 -5.745453695011853296e-02 8.746612629206766687e-02 -2.226708405177613981e-01 -1.618125582649796237e-02 1.698426445342075264e-01 -5.014933146778295658e-02
9.361225762427967043e-03 -6.579770084364813809e-02 4.498444589747213618e-03 -5.668986163982901033e-02 8.694133490107435261e-03 -6.963891630786177289e-02 -5.287518151997971233e-03 -2.438132030952455329e-02 -2.490347793663330589e-02 5.594277832659840313e-03 -4.291475581316447907e-02 -1.258127709511456215e-02 -6.034796533148507371e-03 3.266680736998375106e-02 7.099918503602711817e-02 -4.900609393780996220e-02 -6.735060451055240038e-02 2.437052925123605121e-02 -1.137659904610310996e-01 1.409525993239211898e-02
-4.743302804707180687e-02 -6.944314201899139810e-03 -1.866678627050277067e-02 4.979105988217513712e-02 1.294583365497710414e-01 2.483435173821343586e-02 -4.854931027476559052e-03 -7.738742828870647308e-03 -2.485211240010508707e-02 7.064492997072942260e-02 4.374839548983926879e-02 -3.747244754700369829e-02 2.406472794060140474e-01 6.883091942691713788e-03 4.123479361755883615e-02 9.471156647231139536e-02 3.814344119957115836e-02 5.190218102779011605e-02 -7.234603556529468904e-02 -1.245870557596170380e-01
-5.437768689071786898e-02 -7.574113255576053749e-02 -1.543237360471274577e-01 1.230635439993617991e-01 -1.517776287382945899e-01 4.874355185543578772e-02 -6.839335554445387377e-03 -7.217123624367920154e-02 -8.530507239257631436e-02 -2.417963034707155262e-02 3.492238992736381754e-03 2.722803201612269183e-04 -8.935435092715056371e-03 3.221785242884446943e-03 7.775479638748126511e-03 -5.006189822998264455e-03 2.019961385307826249e-03 1.121465754852246297e-02 -1.971577798642434182e-02 -5.218125767097556850e-02
3.074972078500528422e-02 -5.443563393182165866e-02 -5.676553949038176151e-03 -7.374074230540297870e-02 8.534061709386474813e-04 -1.726393149249725797e-02 2.125911593724546383e-02 -1.823768345649626199e-02 -1.010993702057568465e-02 -3.099681502561804983e-02 -2.313385172418755409e-02 -1.372443637463971640e-02 1.903330521223692631e-02 4.165526421614632047e-01 -6.152414718673781396e-02 -1.741313115130301362e-02 1.054664733567584889e-01 -3.319015097450221663e-02 5.021625173641423162e-02 1.823964029992430208e-02
2.132109427435191842e-02 -6.410386008053248208e-02 -3.125650491584773105e-03 -7.290898743430479501e-02 2.495674884550382402e-03 -4.843498730513388917e-02 1.360744251221164200e-02 -2.403048640470665728e-02 -1.469680803603789186e-02 -3.652877248974972790e-02 -3.278281121373229079e-02 -2.087934597170252454e-02 1.970131375802776016e-02 3.899643895876181987e-01 -6.344393667746790755e-02 -1.129097100923955217e-02 8.887887612998443543e-02 -1.873984082154332362e-02 -3.629209056702160235e-02 4.761858398169082490e-02
-2.039055865329249609e-02 -6.630858644409048930e-02 -5.201318792132413049e-02 -9.830521397164533517e-04 -2.189584858159284581e-02 -4.558682647806855393e-02 1.352432695700655878e-02 1.238254560955711486e-01 2.365800254077423947e-01 7.750494179202381539e-02 8.029865026017419735e-03 -2.248573139887970890e-02 -3.095385261155454010e-02 1.948763864249558955e-02 -5.396833069801071359e-02 -2.343132961911471857e-03 -7.691612192282865079e-02 4.175980653011419214e-02 -4.712061664568951286e-02 -1.228505680047126125e-01
-3.977910652040810013e-02 3.428597814961076729e-03 6.222915400812451675e-03 2.250039675350024374e-02 6.997971655825989401e-02 4.349257559405427832e-03 -1.880247356119938568e-02 -1.740010693803968871e-03 -5.326616859381048952e-02 1.216731423614367397e-01 3.608486869426817678e-02 -1.694211999216369696e-02 7.897286572386241765e-02 6.553162191545979778e-04 -5.674953791582707310e-03 -5.797444180925840490e-02 -2.373471895965121800e-02 -2.968570539800658922e-02 3.621688023615143165e-02 -2.942766054615167381e-02
-4.772658189939751189e-02 1.883330495462988072e-02 1.179330409852021207e-02 -1.223160936942449539e-02 2.440808969838735576e-02 -1.477304331585511769e-02 -1.143403559635016060e-02 5.283984588275731503e-02 -7.926101913352139039e-02 5.083555707842811466e-02 1.485085066377982432e-01 -3.804993033812011094e-02 -2.253239135222762438e-03 -1.276768921459955734e-02 -5.526158023774737499e-02 -3.149354126061105347e-02 -4.531538402236537366e-02 -1.331209831972488267e-01 3.649055348290410755e-02 -6.223708137580642036e-02
4.538583190997439593e-02 -3.402427435721157301e-02 1.478378155979195308e-01 1.107533918638290288e-01 -3.794567878729440680e-02 -1.975521688692776900e-03 3.102167780992411833e-02 2.570200206215086155e-03 1.001561619866691774e-02 -2.360986691735968840e-02 4.556935168813055353e-03 -6.189613455390923814e-03 9.566525330298086827e-03 -5.302814324970626242e-03 -8.498767742889847682e-03 -3.564019881844716908e-02 1.587905185040525829e-02 4.063018682053936605e-03 4.019628177692438804e-03 7.137966522134788459e-03
2.919794498922241924e-03 -6.560112275634955026e-02 -2.231680503936259670e-05 -6.536628400300546760e-02 6.837280917000957206e-03 -8.571484666980559719e-02 -5.545263000167345016e-04 -1.218793480104783146e-02 -3.467215524035350410e-02 -3.197799187824040823e-02 1.548217385464072671e-01 1.430839462748809965e-01 -1.376177844789928766e-02 -4.563508267271008251e-02 -3.501026855726112330e-02 1.521137038017333735e-02 4.197816097074059255e-02 3.255633173844745681e-02 -1.921578022972481080e-03 2.371721187691037264e-02
-1.130917697592231062e-02 -1.281843263864928043e-02 3.156157077868675109e-02 2.562930007939019650e-02 4.795750698545148821e-02 -7.150178336576587003e-03 -4.628756023218621313e-02 -1.232363685527961342e-02 -8.675150121147871818e-02 2.324881836580556527e-01 -5.415312904797387611e-02 3.430392965192374105e-02 -6.781821317812836147e-02 7.307821318843310196e-03 -9.246046623246727617e-03 -1.588900324996926350e-01 -3.876308144037487330e-02 9.949713844944703400e-03 3.503659414836856473e-02 -1.427023620769200807e-02
6.269983168953331687e-02 4.267427175228070621e-03 5.337059124370651525e-02 4.082371926507747523e-02 -9.069369362498368864e-03 2.777617639313828546e-02 -9.008004427379139034e-02 1.443635386173855234e-03 -1.024126534634040714e-02 6.434417349540834385e-02 -3.570993415855053948e-02 5.440060601324504114e-02 -1.121196731779325606e-01 1.751059564112926112e-02 2.918331303572289925e-02 3.389386847530242441e-01 3.532481094685689660e-02 -2.260522253252914351e-02 -2.923724762654594453e-02 6.660070105093923287e-04
1.034956529588348072e-02 -1.531429051760499135e-02 5.110521930289514680e-02 3.704050567063883748e-02 2.831546330455145949e-02 -3.230190326353425158e-03 -6.167266458947630314e-02 -1.219306375839698461e-02 -8.241380794002677035e-02 2.406974426220945817e-01 -8.660777952902720678e-02 6.923342357184920914e-02 -1.546318724827568658e-01 1.766676300667580427e-02 3.512467948516353154e-03 -1.506543502460274775e-04 -1.607938644873922740e-02 2.459549720598944514e-02 -1.068179830927416807e-02 2.190325616337421635e-02
-5.249825720632661508e-02 -1.263234946850665986e-02 -3.375941556365955054e-02 7.132845809234393541e-02 1.945886656156837480e-01 4.489083514593329022e-02 1.793556988632093174e-02 -3.883140225707253784e-02 2.090798429803061853e-02 -1.022925328817588242e-01 -1.775370522725434885e-02 9.316552350548705161e-03 -8.441957769959054780e-02 -3.144131217995128989e-04 2.672358359946722280e-03 -3.385390758227970268e-03 1.640804369873285692e-02 3.759018866876736448e-02 -7.607046605887142487e-02 -2.049215602485393861e-01
4.888254134444544596e-02 -3.506298083978184182e-02 1.632653454140179927e-01 1.251163552322029915e-01 -4.597313024900270134e-02 3.961688228850787814e-04 4.527712370648475509e-02 6.111612137837625636e-03 2.242987897835607009e-02 -5.474860618117875083e-02 2.507337855454308539e-02 -1.111046654660089936e-02 3.601592152211151310e-02 3.544188263209368563e-03 2.210726234107973556e-03 -5.662665696499243756e-02 -1.814433637357915421e-02 4.134241575140240425e-03 6.855094244410533423e-03 -2.356499116355665734e-03
5.772910743222004794e-03 -7.315510071992228913e-02 -6.056557379415399879e-03 -6.152681791952570312e-02 2.130093784585226652e-03 -8.502067988128596265e-02 1.135088591280205596e-03 -7.276765046598967883e-03 1.449041547065661392e-02 -1.749347580386316492e-02 2.090460124970853345e-02 5.098428502558557257e-02 -1.513729884676536137e-02 -2.093331699449018507e-02 3.590711379327689579e-01 -4.799738165446689603e-02 4.053971402513811134e-02 -4.078527912518187248e-02 4.036362863180947141e-02 2.775665169558608116e-03
-1.222921226115478155e-02 -4.242159575504635821e-02 3.435874893188449637e-03 -5.343032825012813264e-02 1.330625042532514526e-02 -7.196439833776831219e-02 -4.634059986593759214e-03 9.533141575791116359e-03 -6.548040963520795898e-02 -1.154889317279381850e-02 2.763335300976418885e-01 1.942362456676221816e-01 -2.169673881778712982e-02 -5.643713938174880346e-02 -1.754463181339363798e-01 1.602768167174526207e-02 -4.101199186998179258e-02 4.604026140105847275e-04 4.659977824079331032e-02 -1.801745429540363777e-02
1.208869675283865547e-01 1.057170596680367530e-01 -5.496057765624103031e-02 4.461440726478499430e-02 5.044662446957574355e-03 -5.971261603027139264e-02 -2.180092221659703788e-01 1.909128635412527236e-03 2.916750804762429511e-02 -5.509630350583541447e-02 1.074623540124000111e-02 -1.212631513351550457e-02 2.520177393657383955e-02 1.241457080854391215e-02 -6.230745298830731201e-03 -3.861728067163495981e-02 9.020818672298135457e-03 -8.800024422763742457e-03 8.768392213158812676e-02 -4.010195226468816349e-02
1.508106440756912942e-02 -7.241960800710013635e-02 9.089410967473272526e-03 -6.557806862839436757e-02 3.856821070069739801e-03 -7.537436033732047846e-02 -1.547537507865039607e-03 -4.193112920964710971e-02 -3.660895302862893913e-02 -4.012496825491600888e-02 -1.253960277963591941e-01 -1.269482475453690140e-01 2.854722337831130594e-02 -1.440652907302104047e-01 -1.422118852379669618e-01 5.373917302797040496e-02 3.612586741181576799e-02 -2.425729452561291646e-02 7.760052675907191944e-02 -1.423073048927436281e-02
-5.374136417353361089e-02 -6.955382729782140505e-02 -1.420294308519814697e-01 1.134036160566958967e-01 -1.310099925610201110e-01 4.381911115290904046e-02 -5.138355723886564239e-03 -5.155515581996966690e-02 -6.513328953308145097e-02 -1.810990796132213795e-02 1.151979256955172035e-04 2.029597555736639605e-03 1.707409642851844900e-03 2.083610994041214422e-03 2.077971875196406738e-03 1.867505314843549008e-03 -5.211364488673318404e-03 -5.332197158210451142e-03 7.357085053714939801e-03 3.632236440461868859e-02
3.883670111946965764e-02 -1.158614317339251923e-02 7.431898262839171931e-02 5.583557758319122183e-02 1.168790064842615363e-04 1.016593119085417059e-02 -6.500270091445028986e-02 -4.573540940794183079e-03 -4.299076019777522961e-02 1.485176619517801777e-01 -6.743648295887894051e-02 7.260854609600837783e-02 -1.584234766298322772e-01 2.173215110010948831e-02 2.064721671134684203e-02 2.513664217422416081e-01 2.628131077578240229e-02 4.426790591159079045e-03 -4.754664920989146171e-02 3.395796747593605308e-02
1.116420891776016971e-01 8.948827445618000309e-02 -3.704031700232589264e-02 4.466068269139204794e-02 2.673222101697326179e-03 -4.573423498268096993e-02 -2.069422506268935036e-01 1.946533964319521227e-03 2.352577064280852656e-02 -3.564235466586426759e-02 1.915966107236823437e-03 1.386620342074046256e-03 -2.718219829893478174e-03 1.618602007098069590e-02 1.709677158803603238e-03 5.699049422647384927e-02 2.103895017166329887e-02 -1.767795785408522030e-02 8.865437010255169947e-02 -4.590715792913958870e-02
1.232723411180805390e-01 1.092239914963799574e-01 -6.157925177250538756e-02 4.077341549113167041e-02 5.849056395941497517e-03 -5.987668391495619413e-02 -1.584306720382131495e-01 1.269346747177191401e-03 2.241931140017851265e-02 -4.490838273301620692e-02 1.016087778096583932e-02 -1.244953670080811703e-02 2.565103153989207671e-02 8.693884809067852241e-04 -5.628100797180247625e-03 -5.884037601998723388e-02 -7.764697058445033627e-03 6.718456977079740287e-03 -2.419385449500971105e-02 1.490320791862596167e-02
1.444539677064354995e-02 -6.881347603455989503e-02 1.596536351741552687e-02 -5.240299513046095536e-02 3.087925788373544877e-03 -7.154194432040211771e-02 -1.290863921626171813e-03 -3.513546163730338345e-02 -3.255950649293953836e-02 -2.240357856419335214e-02 -1.029929190643249781e-01 -9.827093348765859881e-02 1.665341467670132872e-02 -1.408548144364308863e-01 -1.333551190257361296e-01 1.765782589843648345e-03 1.960922924701716530e-01 -2.482931699868775113e-02 1.998856328558273540e-02 9.159295608900337726e-03
-5.273872968165492503e-02 -1.354173713874695650e-02 -3.571939483777484409e-02 7.211668683875792352e-02 1.926900568858268825e-01 4.521672708457541434e-02 1.948573408407309332e-02 -3.681894045693689249e-02 2.693222730567018663e-02 -1.144622648094529155e-01 -2.566017975838172024e-02 1.634319069140196048e-02 -1.230059227795292226e-01 -1.892721269821589104e-03 -8.410771930289502596e-03 -2.430268276374548606e-02 -2.490045315050217010e-03 4.303960306230204672e-05 -3.161231028544822345e-03 -2.085711458349134156e-02
1.227059918894639334e-01 1.085149092593995224e-01 -5.969277228806421642e-02 4.232239612220411312e-02 5.630582656132404780e-03 -6.044055998638917654e-02 -1.829486149609320100e-01 1.524941425421740947e-03 2.541310657989820712e-02 -4.998935100132893827e-02 1.087755597512320149e-02 -1.309451437210739679e-02 2.707542383982883966e-02 5.241273960746024689e-03 -6.382756858178167264e-03 -5.732226343668181401e-02 -2.077071489682948916e-03 1.365607471361236303e-03 1.943259203076035113e-02 -6.036949268037185116e-03
-5.276392331048906231e-02 -7.426057838630438501e-02 -1.472681971575006132e-01 1.153339787888579132e-01 -1.413893976342394387e-01 4.278002930571184192e-02 -5.127939037039962872e-03 -5.415879021084372968e-02 -5.753075438896217836e-02 -1.483362578767909341e-02 3.425637020632407714e-03 -1.411954180688437940e-03 -9.067339950346562510e-03 5.119658720001405740e-04 2.537503440239522769e-03 -3.560556999611647240e-03 4.212468677329616468e-03 3.879237442296056340e-03 -2.708790344908621178e-03 -1.753797569372718412e-02
-1.715092856492642960e-03 -5.880444728139877508e-02 7.124646370079229735e-04 -6.320205620768150345e-02 9.264545070559234569e-03 -8.317057235615125943e-02 -1.775894619178337158e-03 -4.543911391303796093e-03 -4.983178160580061661e-02 -2.767070253266376914e-02 2.418413851084924571e-01 2.054480648764079320e-01 -2.069458781993595287e-02 -3.837302577637809187e-02 -1.482389292648968460e-01 2.451358830403766592e-02 -3.226908588232242636e-02 5.061695007362979754e-02 1.243894097348559671e-02 8.165168000821097088e-03
-7.090461336124892489e-02 6.023735780131622003e-02 1.792155403719267528e-02 -2.291717661346787810e-02 -1.833209342196530714e-02 -2.700126177863121976e-03 -2.923351839652143201e-03 1.300040314932156549e-01 -8.572430922728579983e-02 -2.179184360416355770e-02 7.629597151975438252e-02 -1.242423216905416405e-01 -6.342685464523351024e-02 6.940374834589401083e-03 1.238220458032360423e-02 7.396368537295982398e-03 -1.106888933178356432e-02 -1.839965504079739966e-01 -5.362391548812012881e-02 -1.942866516363505811e-02
-5.296626804504712960e-02 -1.357877969964026155e-02 -3.598305533370142056e-02 7.319949861133175084e-02 1.975148091632425440e-01 4.639477724658446628e-02 2.053363985353533899e-02 -3.966805595578345306e-02 2.811991030967810057e-02 -1.228289263786881136e-01 -2.781622049637347271e-02 1.785966945518606061e-02 -1.369135160539577123e-01 -2.019398732548292798e-03 -8.524822716120821972e-03 -2.737588097643209664e-02 3.905320111334794676e-04 8.156936389679163985e-03 -2.131719524331652030e-02 -7.458230328519256658e-02
-8.478977529041456518e-02 9.716742586982141106e-02 3.675180637485098156e-02 -4.119460628412402459e-02 -4.690789364844000914e-02 4.157065829502397045e-03 6.150913002838163772e-03 -1.505610987620094321e-01 9.255530888743077056e-02 9.818770021556830208e-03 -2.357530822914566393e-02 5.908243480705777095e-02 2.292532969978367668e-02 -5.688388115347820656e-03 -1.705809483296807927e-02 1.112722169472169821e-03 -1.789548215789491664e-02 -1.888642308192371444e-01 -4.363664286272365272e-02 9.904806020944748046e-03
-7.262420643861533520e-02 6.654699457631597925e-02 2.281385445909503776e-02 -2.703007873381081672e-02 -2.080494155245447147e-02 -2.503209039138724109e-03 -2.767784534678968764e-03 8.263276652322851246e-02 -6.544920681340352098e-02 -9.263765145277214064e-03 1.039012030850211127e-01 -1.624449235572674732e-01 -8.027402832305233216e-02 9.967988119265748861e-03 2.214237324346795752e-02 1.209709204277899589e-02 5.803361172769413295e-03 1.024039959200077898e-03 -7.221343916325947271e-03 4.907491991170132017e-04
1.259472399567397038e-01 1.087517261054406076e-01 -7.896920878762775375e-02 1.564129379087244795e-02 7.503775354588503380e-03 -4.053029832209902039e-02 1.796633842575545148e-01 -2.074867971687151084e-03 -2.051429540734533638e-02 3.244337257307737532e-02 -4.155666800519621645e-03 4.066266028492737487e-03 -9.263785090522742155e-03 -3.123542651356969735e-02 5.876148583346913618e-03 7.202856006686594523e-03 -2.216347472902278556e-02 1.702947738554278292e-02 -1.311582332436108944e-01 5.769414007980779024e-02
-7.711973850226225280e-02 6.724632711732096702e-02 1.283044101659600207e-02 -2.026068776955140469e-02 -3.337002636340825890e-02 3.565066342726341646e-03 3.613968756254224996e-03 1.934282847258175231e-01 -7.479452346571559274e-02 -8.279035223380733222e-02 -1.829622948943781802e-01 1.980806492671706442e-01 7.433863195260248524e-02 -7.904919953194656720e-03 -9.937517868195811996e-03 -1.716046074119044126e-02 1.015740082428784330e-02 1.139068046565964859e-01 1.696054600280692479e-02 -5.289435541540771224e-02
-7.415596254065608128e-02 6.550685984702188380e-02 1.777160569099010823e-02 -2.358334296478235836e-02 -2.514946820903866953e-02 -4.030557665027128460e-04 -8.367932528874617946e-04 1.419027461820262515e-01 -8.055467690825714178e-02 -3.803571474456275692e-02 2.606802314101278745e-02 -8.071512314354344075e-02 -4.717616471297639280e-02 6.764986609037288226e-03 1.653875208079522499e-02 8.896955917016178064e-03 -6.441390784002863461e-03 -2.029650197296080094e-01 -7.741448902314036762e-02 -2.677703772008609151e-02
1.260425926667815000e-01 1.113457847282699337e-01 -7.376660351948940986e-02 2.694999005754084714e-02 7.132674904356692269e-03 -5.123872027664073958e-02 3.954293464432194483e-02 -7.298975619892907919e-04 -2.353287829222995304e-03 -1.228567306364501113e-03 2.739619525932223115e-03 -4.407373089952147313e-03 8.464899846733211011e-03 -2.392718688105534633e-02 9.030180197618059134e-04 -3.774168236829682915e-02 -2.870756502370355040e-02 2.481869641671035492e-02 -1.784495689518739159e-01 8.515237012803243688e-02
-8.197081483354341780e-02 8.998670425306926068e-02 3.350828786555535427e-02 -3.739881185293995880e-02 -3.983632801628399223e-02 2.805382887193128786e-03 3.373201177496212757e-03 -8.144737523268751056e-02 4.394422198127204832e-02 4.961481124582329053e-03 2.663603837091477536e-02 -4.740126162709205199e-02 -2.573077420023153414e-02 4.375216039485084821e-03 1.449373069966481894e-02 1.251912996989203337e-02 2.386625576872574567e-02 2.589021260764038934e-01 7.636319856524630134e-02 9.287431229053330628e-02
-8.298569353418976113e-02 9.225236450372530095e-02 3.416140136080419998e-02 -3.815569160895834755e-02 -4.238200290183322116e-02 3.655118540755145692e-03 4.647825488195653568e-03 -1.026661326896917553e-01 6.242352144865792596e-02 3.721237684922369757e-03 -1.663402418458050439e-02 3.058665150931910715e-02 1.080674665090987363e-02 -2.045810513997723627e-03 -4.278336161915085277e-03 6.210737176295838850e-04 8.513290235657094496e-04 1.978744374241965184e-02 5.740239617789225438e-03 -2.662174844251099376e-03
-8.288530352989514904e-02 9.198394738444629071e-02 3.400614356540525296e-02 -3.792454939061255803e-02 -4.211920083615505045e-02 3.700531519669054709e-03 4.629185481027396805e-03 -1.017911018123098393e-01 6.227995817813568313e-02 3.591122833905784247e-03 -2.095173813370600907e-02 3.837701939707793136e-02 1.491312277177986312e-02 -2.721881786631682315e-03 -6.456846562842477946e-03 -1.639903845451477771e-03 -3.176220611443165195e-03 -2.580775918212981426e-02 -9.095355755156277200e-03 -2.601419963858389583e-02
-7.834428796312212229e-02 8.190179673539954575e-02 3.037359615369109728e-02 -3.180108471679246596e-02 -3.039943867610240061e-02 2.884124288302945382e-03 1.414660675113191789e-03 -6.146721065388659200e-02 2.989448583921438043e-02 1.150894486610993042e-02 1.008519443651411177e-02 -1.452661153061178892e-02 -1.125777631137957332e-03 1.390076764643262408e-03 3.985824013905896190e-03 -3.670744522902714708e-03 3.044498604962015027e-03 5.189554097643146041e-02 1.605442940441297733e-02 -9.721097816752113582e-03
-7.944558160224075849e-02 7.945151898782394639e-02 2.469437131868032834e-02 -3.001508411339788573e-02 -3.572702805105761048e-02 2.554984294082390545e-03 2.743182682054499943e-03 5.715262812821304134e-02 -2.197806987774878970e-02 -3.609697954921483459e-02 -5.712334662147392633e-02 4.586155273769412094e-02 1.017051936068219878e-02 -6.192196476075219520e-05 5.797270331570619252e-03 -3.215037377350203618e-03 1.205565809057013681e-02 7.208472076428135145e-02 -8.440896859924456111e-03 -6.355529125002010171e-02
-8.393554411597610454e-02 9.517146329796029314e-02 3.595669706736347171e-02 -3.994558582407456426e-02 -4.461809300010249890e-02 4.001933450205177878e-03 5.465186929689183626e-03 -1.394824790113716462e-01 8.436950285741952327e-02 1.075901698450390694e-02 -1.832521617998377275e-02 4.833638644141294988e-02 1.998822130710738165e-02 -4.678496975406994628e-03 -1.416813265169023991e-02 -4.458026352727227984e-04 -1.576786286494061620e-02 -1.608991969695330870e-01 -3.662655879242478207e-02 -6.240049412850873613e-04
-8.391270960077613916e-02 9.495702791207318028e-02 3.574440800115172290e-02 -3.986237614389803730e-02 -4.460056376610901929e-02 3.903100196261951194e-03 5.357333478549964126e-03 -1.317305375241660803e-01 7.964315868407960408e-02 8.783431368234121545e-03 -1.539858558912057807e-02 3.877799575538916355e-02 1.469608717840110469e-02 -3.492089498662577680e-03 -9.755376290659142219e-03 1.529721000662614440e-03 -7.296412814790215716e-03 -6.479032290026401353e-02 -1.086379290592084414e-02 1.243493443403371514e-02
-7.639957147410993132e-02 7.471407856549996951e-02 2.552198834241639278e-02 -2.999167141051632332e-02 -2.810565407468050211e-02 -4.149822489026297272e-04 -8.764645326738952028e-04 6.385770070872472115e-02 -4.850236254450199236e-02 -1.545753791118056539e-02 7.838532339527871928e-02 -1.502252968522841681e-01 -7.745358348745237653e-02 1.192353804955186523e-02 3.279765799407682175e-02 1.690355392443910684e-02 2.357988898548762230e-02 1.428545137580794488e-01 1.360403935001273067e-02 1.223645598507486568e-02
-7.808344854001177116e-02 7.957250221791041522e-02 2.841345576115099705e-02 -3.297301972820396165e-02 -3.163305766393928464e-02 -4.056624349320569155e-05 -1.077669498325260381e-04 2.619284712341210519e-02 -2.861535455716307172e-02 -8.339914272481364216e-03 9.780831021023533856e-02 -1.807452253684353194e-01 -9.245430717915530117e-02 1.462506051606449198e-02 4.199752503269865017e-02 2.709688544414313310e-02 4.289955754107804137e-02 3.694516573549434524e-01 8.648487021594768176e-02 1.143284071211066039e-01
1.108239968713233409e-01 7.488666540880356548e-02 -6.302246759720921132e-02 -1.269342057568056265e-02 4.231601392173438454e-03 4.218795503445058222e-03 2.026354659778266953e-01 -1.691559119959667665e-03 -2.300512690963784149e-02 3.782114488786474105e-02 -6.178972729116431750e-03 6.827224247715350629e-03 -1.318611807562169481e-02 3.605780094495211058e-02 -3.738455583940245887e-03 3.505050190095422569e-02 4.741946614889919198e-02 -3.876334972413451180e-02 2.866243073110837924e-01 -1.297957942644787921e-01
1.244451408684981025e-01 1.052826187371671829e-01 -7.750146174714281355e-02 1.245948419925147280e-02 7.177816333088480466e-03 -3.560744914195305977e-02 1.862731539088264276e-01 -2.071544351674947659e-03 -2.132842979124095761e-02 3.406368955313865410e-02 -4.616725930222510474e-03 4.687024883331431142e-03 -1.032843482332501672e-02 -2.239028604668555356e-02 4.685098231696055091e-03 1.282974532318712467e-02 -1.060577087420441766e-02 7.136513217332779956e-03 -5.355470167065518733e-02 2.218242215792284866e-02
-5.270228844141947727e-02 -1.374652102151905329e-02 -3.608869084224215762e-02 7.186350938421261214e-02 1.902261142798136184e-01 4.481265634694939215e-02 1.947760494543385526e-02 -3.508137843035864789e-02 2.813356161236662753e-02 -1.145103546022026297e-01 -2.725787270125406420e-02 1.806114114541175139e-02 -1.301562994620348579e-01 -2.414716127935998078e-03 -1.268113996930747729e-02 -3.166997422343595381e-02 -1.292398301886902960e-02 -2.357698421641996056e-02 4.762639843560843161e-02 1.135015488590242205e-01
-7.649923472642133904e-02 6.515239036457663724e-02 1.130812879010497686e-02 -1.883368436960087405e-02 -3.235029145309457205e-02 3.591561279732540576e-03 3.506359934918450941e-03 1.978908239758497001e-01 -7.620800378544149989e-02 -8.209567571630763116e-02 -1.786987137109351809e-01 1.916031897559446195e-01 7.278720289545591304e-02 -7.665484802156752667e-03 -1.028564408074133553e-02 -1.544519552717487330e-02 6.900975743927104111e-03 8.369962937767248812e-02 1.530665124342382721e-02 -3.114359846692324116e-02
1.221025137616968820e-01 9.941789706273655713e-02 -7.620043758004972634e-02 5.380471046133264261e-03 6.741440747940706350e-03 -2.586227351050942105e-02 2.260606813029540085e-01 -2.350950559476574532e-03 -2.650642182404245456e-02 4.403320564825215916e-02 -6.999568438219611055e-03 7.820957405287235972e-03 -1.651872446497630945e-02 -9.781638258644477849e-03 4.126815795754434392e-03 3.594866553264697284e-02 1.180270067013092575e-02 -1.338946675177434334e-02 1.065163646111732393e-01 -5.404454802169884886e-02
-7.174747602038716865e-02 5.081216720164900141e-02 1.966319314458375364e-03 -9.674753793773275753e-03 -2.439906933037163175e-02 3.480418317733607967e-03 2.363565824560560653e-03 1.875038638648355571e-01 -6.958524843736882404e-02 -6.125274555980750324e-02 -1.065658539842683494e-01 9.707371491536137542e-02 4.093666964374243628e-02 -3.536852970878558156e-03 -7.132011136314692773e-03 -9.538768856594573254e-04 -9.046975424361869064e-03 -7.390720540279850648e-02 -5.360116818243985644e-04 6.070004064035969954e-02
