-1.790974015175757383e+00	3.699273215856089259e+00	4.447479445174474577e+00	-1.794116496985100673e+00	1.929546872701873861e+00	-7.857040839244894270e-01	6.688596243014729992e-02	-6.203581562579173481e-01	1.835863945497359984e+00	2.182282396733532803e-01	-1.767537146334493325e+00	5.810907267324456615e-01	-1.064329554563460789e+00	1.702599142510391739e-01	-3.142706538086052159e+00	1.565264469753423038e+00	-1.639443352928194209e+00	2.696550000545123726e-01	-1.807569050716780978e+00	1.039711985146828610e+00
-4.422608387865551549e+00	-7.101140746442207607e+00	3.112655813336817623e-01	2.531173864291409448e+00	6.600756518877476386e-01	-2.450651239941160853e+00	-1.459344051210146320e+00	9.315136857441491669e-01	1.161567187468347973e+00	-9.624843559933983217e-01	1.210895576701923881e-01	1.008708771469202903e+00	-1.314683705883028519e-01	6.913013742528825722e-02	4.278696074687630690e-01	-3.406489468915846475e-01	-1.318816852414959051e-01	3.057842288435572153e-01	-1.470788854558670866e-01	1.535844950490976857e-01
-1.295549734830766964e+00	5.664371113604215857e+00	-2.541912953894645888e+00	1.154871286858683455e+00	-5.747392664555874831e-01	3.290409432360691944e-01	1.286148296078180042e+00	-1.464262533926959042e+00	6.460768305492488039e-01	-3.220815651889648468e+00	7.032554021199866057e-01	1.284460993384765937e+00	-1.153982959047313434e-01	-1.507083817141412929e+00	4.079776412736229041e-01	1.928809571934756661e+00	-1.252514915091722303e+00	1.828395218724137239e+00	-4.913584301963629386e-01	-2.443361956912295074e+00
-3.895966107032931003e+00	-5.075540315844805583e+00	-2.079510938242053797e+00	3.957218407121401715e-01	-9.825906477382876369e-01	-1.094512427674779076e+00	-1.767186150527970012e+00	7.562847262258821646e-01	4.379773694075166368e-01	-8.371836891154342819e-01	1.381493945004799162e+00	2.188226802859322973e-01	7.902867493684432310e-01	-2.974154285093386432e-02	7.887485606167391472e-01	-9.228013801785960313e-01	6.043399457101373828e-01	-3.566236838507179652e-01	-4.870900771342210334e-01	9.545422287383960036e-01
-4.430820126981562801e+00	-5.996895629806791028e+00	-1.394126187870879718e+00	1.362216386648036792e+00	2.404464628830734529e+00	-2.420979322848993753e+00	-1.313815840480673236e+00	8.334263604349501087e-01	1.272561329057757096e+00	2.693636466450168299e-01	5.856953016216702723e-01	4.590826318129234140e-01	-5.163790734107622793e-01	-1.091881474256282403e-01	3.111064134159921002e-01	-8.076565532629763344e-02	1.690155136344805575e-01	4.433492808641461003e-01	-3.066567988512615694e-01	4.330838875892725204e-01
3.563146376789949610e-01	8.572120202956659440e+00	-1.045272573754287615e+00	2.792403456919987370e+00	-1.071362197656042348e+00	-1.470554450257955725e+00	2.426924213505944117e+00	-1.279392861460358022e+00	-5.704641213081349527e+00	-9.626461169884850122e-01	8.633280805620200393e-01	8.915394864388255514e-02	-2.431502428039060248e+00	-2.409729770205828459e+00	-1.608918960709354362e+00	-1.294885544261350052e+00	-1.047013145081718832e+00	-3.273387697247282513e-01	3.332698132678736602e+00	-2.847373329207180115e-01
-1.895888143549195048e-01	3.372560694865540221e+00	1.256999326496714309e+00	-5.158957344478418250e+00	1.100619976787763132e+00	-3.928077122465090554e+00	1.547032681844519308e-01	1.304954828877444184e+00	-3.253490740909759094e+00	5.006411965271303499e-01	1.350790749061685919e-02	3.722918131314830514e+00	1.137872185119260138e+00	-6.437624975560163332e-01	8.133960361849895682e-01	-3.333977423065831447e-01	3.730652085328812095e+00	1.037520508685954246e+00	5.345390839553567641e-01	-2.712459635066672536e+00
-9.576671110233846429e-01	1.993052768101958028e-01	1.424877311227618737e+00	-4.695808745821023478e-01	-1.350681896375459656e-01	3.331002437014906281e+00	1.467071866616997955e+00	-1.500130571740724506e+00	-1.636074012272059841e+00	2.063290110950761758e+00	5.624651912710898483e-01	1.389713423122038272e+00	2.277380412390142439e+00	1.447460145439846357e+00	-6.515286148826225920e-01	2.021406620919790065e-01	2.855096382093922358e+00	1.719103855159412664e+00	-1.260210713445340858e+00	2.024854733789331340e-01
-2.236684944132840247e+00	1.296051671962582974e+00	3.308058941760413596e+00	1.181096294098236132e+00	4.081459339434116096e+00	1.958399226739099941e+00	-1.119140622800387064e+00	-2.609354568969718957e-01	2.133873867709490391e+00	-2.195547665740114063e+00	7.917172686792840475e-01	-2.978722025285163166e-01	-2.984602845772756474e+00	-1.091639566825850505e+00	2.181851759296344895e+00	-3.675350548759999669e-01	1.908352483868905325e-01	-2.522002599778848664e-01	-2.588979236067477374e-01	-1.379331516441193228e+00
-4.443466355114540356e+00	-5.790585877723591679e+00	-9.480654112301157843e-01	2.862067891782152262e+00	5.089839842678551385e+00	-2.704319738430113862e+00	7.098559019242329793e-01	-4.964640205185899546e-01	-7.700995422609745455e-01	1.198898111159083957e+00	-2.619146945791108738e-01	-1.987895720565042990e-01	-2.778723464025487089e-01	-4.584151622742122512e-01	-2.017841664644534350e-01	7.402708063758343116e-01	-1.769080621497843842e-01	2.127952646548753879e-01	-2.824764508685399522e-01	-4.137743864504924707e-01
-5.322601280500588672e+00	-8.349900609652483041e+00	1.808235285996715014e+00	3.867664951573231313e+00	2.579052009761703790e+00	-3.714334691618771167e+00	-1.050201153827984069e+00	-6.136743634900056199e-02	4.633540341590626221e-01	-1.177095242081428905e+00	-1.770043184233628386e+00	1.336038550414714532e+00	-7.713768783387504602e-01	-1.563621225904781864e-01	4.721017388063925568e-01	5.796775445943850094e-03	-8.187611001333447991e-01	2.748123303333149803e-01	-1.364334911318853261e-01	-5.683137057851335161e-01
8.597224913911023947e+00	7.031226836628161614e+00	-3.888094877926147053e+00	4.582838850106982775e+00	-2.901445990875815895e+00	1.597053843125640638e-01	-6.660456380156073442e-01	5.973907995336120297e-02	8.721688888688688968e-01	3.824718883225102228e+00	2.568039771479135522e-02	2.297943149796280782e+00	1.683403192145073834e+00	3.763294789230849702e+00	2.891385143631681309e+00	2.148046480180097362e+00	-2.682190651351113786e+00	-3.208193324229799970e+00	-8.961562046481430510e-02	-1.014643274479362534e+00
-1.715661430825782929e+00	-7.164399860241999818e+00	2.956646620738043740e+00	2.891823869737178310e+00	-3.460214522215113053e+00	-7.247669768725631956e-01	2.586070026775234565e-01	9.490714607599138875e-01	1.501553159597135700e-01	-1.531302336036590273e+00	-8.966624136821282898e-01	1.171916020285552751e+00	7.006632250479615243e-01	4.849936922897578051e-01	-9.796373336561112199e-02	-6.924181558548002657e-01	-4.200368546351897492e-01	2.215927913989903519e-01	7.810068667609449955e-01	-5.080412997738903425e-01
1.465415008488957005e+00	-4.807974651173643643e+00	-7.513682946200728185e-01	-1.389446352347829539e+00	-3.390976309862171245e+00	7.224052686293838121e-01	5.820627097002555317e-01	9.385099109827186314e-01	-6.591870691362784473e-01	7.310268489933114955e-01	2.171799980025924892e+00	-9.452065282458097517e-01	3.641029092643232601e-01	2.229701792278878658e-01	-4.749906424360929025e-01	3.824539862346161834e-01	8.312823225944697414e-02	-1.307822154715716223e-01	8.113090019348034865e-01	7.399567622798568500e-01
-1.560289262971397140e+00	4.420186775201651486e+00	2.670268059976707242e+00	-2.773121837107933807e+00	-1.018346399888826914e+00	-4.010972844796003578e+00	3.136046185227091776e+00	3.016786151892337564e+00	4.348059927092548516e-01	2.311522273008510098e+00	3.724403559797277441e-01	-1.474897917302213424e+00	-2.850908930094003590e+00	-5.719852857247901268e-01	9.178158081522023171e-01	-2.285511395167429072e+00	1.368349592984179630e-01	-1.131387927065945265e+00	-2.345828549827754905e+00	-2.241974834800479766e+00
-2.260605240649970149e+00	6.064262311115155013e-01	1.629695935809525542e+00	3.027267319441401483e+00	3.128381863463001622e+00	1.121793676785592941e+00	3.152452968456709748e+00	-9.236908247895377899e-01	1.597212532267193286e+00	2.245662750450949652e+00	-6.071353355061952506e-01	7.589095568813187809e-01	5.928769625712193569e-02	-6.395012490807230887e-02	-9.366630098239193680e-01	2.655333642433394536e-01	4.336366291467043665e-01	1.530222250331271239e+00	9.689725915668458978e-01	2.375359583155051968e-01
-2.432201813294951442e+00	3.186399527611423199e+00	-5.197996237099123951e-01	-1.412101028099269906e-01	3.949986076526784462e+00	-1.044337165840610426e+00	4.023390716132083433e+00	1.367174763130153181e+00	1.702258957579469989e+00	-1.377604009063881696e+00	-7.132519858041236338e-02	-7.469421256079759042e-01	2.341196331554568744e+00	1.811437373957807795e+00	-1.300953381296623412e+00	-1.387980986179226273e+00	-4.215817026601773043e-01	5.757738559531218048e-01	4.543785010131997648e-01	8.300440474142652958e-01
1.628924588043241251e+00	4.345891404000243874e+00	3.500700932953359601e+00	-2.352768698678105341e+00	3.030666897123779790e+00	3.759902720056058190e+00	9.475902618686942169e-01	-7.094773914882127608e-01	2.642633011320240310e+00	1.231858787243564679e+00	6.437144710348007948e+00	3.695287067764838618e+00	-1.481552015961829172e+00	-2.807007401180932948e+00	6.587752515642886220e-01	-1.060586501479034327e+00	-3.526592488667125158e-01	-6.483873529765771249e-01	5.586421425600837098e-01	1.757538342112411889e-01
1.701680001454248248e-01	5.187324153740850985e-01	4.036925026049640763e+00	-3.073490590605180706e-01	1.915776260805493347e+00	2.312123779110053956e+00	1.902545865505054890e+00	-6.553669443048875110e-01	-2.200050447835007472e-01	1.429714872484718624e+00	2.404423261221218411e+00	-3.243208542382466919e-02	2.648956911468470565e+00	-4.896484359105259809e-01	2.196404269229835116e+00	4.356519651415783900e-01	-3.696286622621316020e+00	-1.269910105586071092e+00	-8.002803722924671792e-01	1.237848381855097379e+00
-1.119829521150859541e+00	-2.410446414544298310e-01	4.171408602757795236e+00	-1.863603043620051247e+00	1.078120566780250034e+00	1.543269540557749009e+00	6.732466600078925723e-01	-1.216395393911380962e+00	-2.536119730698782160e+00	8.167541331979334407e-01	-4.467051283255082161e+00	1.774932502955340663e+00	-2.320346575018202184e+00	-6.034493521143858841e-01	2.481149980547970646e+00	2.759220061445981642e+00	2.514169816316834671e-01	-1.748032331966285213e-01	1.128648492338274245e+00	3.492495856164257617e+00
-2.895866858158029800e+00	2.459438428224859585e+00	4.559826896499478144e-01	-2.441177578978384055e-01	9.187089659240956774e-01	5.210439123751677837e-01	-1.397261084681833965e-01	-1.098913672763527360e+00	-3.360449739013799508e+00	-7.434669701063220115e-01	9.347672564113687632e-02	-6.556470970983778734e-01	3.467313612871175010e+00	-1.335323950590716180e+00	2.834997516614154098e-02	8.120139258339421628e-01	-2.401790605463452799e+00	1.705243695560057171e+00	4.794868043082585185e-01	-4.030063694708069799e-01
2.136161693339538203e+00	-5.105566202470174453e+00	3.339743325488619075e+00	2.246579794932176188e+00	-4.478942498697850993e+00	3.665829581782399593e+00	2.665327740077672480e+00	-7.112994812105403186e-01	-8.667315753435734793e-01	-6.640411470112675962e-01	-2.017625959133096392e-01	6.453527783631879400e-01	4.568303331039357262e-01	-1.738843895520967853e-01	1.059132858866404236e-01	7.433292642411579720e-01	7.546785301611181884e-01	1.795294969089062942e-01	5.504808846140892831e-01	-1.254980033454640820e+00
-1.615129508483672538e+00	3.393227757002583722e+00	1.877232925072415126e-01	-4.973118267090386180e-01	3.281310304639417641e+00	-1.297787602044845334e+00	3.477754046909331986e+00	9.596372898587284261e-01	-1.492956080574585398e+00	-2.692477914944156225e+00	5.169799400777679299e-01	-1.756929587392620729e+00	4.085283799865983667e+00	1.153678519432118854e+00	1.673015107705692728e+00	6.096711771135204794e-01	-2.341420972024298663e+00	9.340366764037995317e-02	1.884802688194590625e-01	6.377137688492314771e-01
-3.543438043016539751e+00	-4.668366065971774614e-01	-6.353863918001192435e-01	1.934799464030534599e+00	-1.233592939112738263e+00	3.831070314806962473e-01	-1.717399420382852426e+00	-1.499277937673850314e+00	-8.094225064185910090e-02	2.714460432033839687e+00	1.143943307619444072e+00	-2.013954862117376177e+00	1.467276745457822607e+00	3.692350318672160681e-02	-1.189717068820319135e+00	-2.940932048612534544e-01	9.111771056438110472e-01	-2.296745564994898472e-02	1.371329298756801984e+00	2.867449983945679071e-01
1.253317143325124761e+02	-1.245277729892732888e+00	7.266847512475500814e-02	4.936474211795040534e-01	1.443937545142956358e+00	-3.954479734967911164e-01	-9.191013213078895738e-01	2.672048017740977222e-01	4.827342881645426548e-02	-8.565857832546479311e-02	-5.897888851917825193e-01	-4.666662943398592334e-01	5.715218625884183057e-02	-1.745525419992783600e-01	4.661934037167444339e-02	-7.811934452047178956e-01	8.472946391979351011e-02	2.895654180765502295e-01	3.596441747649838875e-03	1.941986833929604805e-01
-1.557784576502860174e+00	4.897397431485951635e+00	-1.227174658883563474e+00	-7.036754288221284126e-01	-3.733906541538108748e+00	-1.260222835500539817e+00	4.101938288431585256e-01	2.360476232780203354e+00	1.109536861026105381e+00	3.861315567966567275e-01	-5.814210986777598178e-01	3.482804628995228136e+00	1.698419222543269047e+00	-4.292115107469096635e+00	-5.700590258723898796e-01	-2.036059561063256584e+00	-1.061247191027079984e+00	-8.087780520356385727e-01	-9.647660915618243571e-01	-6.932384879707518266e-01
-2.199939400584793869e+00	-3.831171575131939289e+00	-8.568085501688530448e-01	-3.468547028533052190e-01	-9.954701428715077016e-01	1.485367278434167382e+00	-3.978454946046871554e-01	-1.261013762638919733e+00	-1.428693880169258801e+00	7.253449715507374052e-01	-1.176300306800760476e+00	-8.686885129727091037e-01	-2.310046347733134831e-01	-7.311988749758293604e-01	3.122712854456012321e-01	1.007250396617724197e+00	5.570995300938217376e-01	-3.083602714776385589e-01	1.851863159855773044e-01	-1.167873331792075031e-01
-1.622546042618392415e+00	1.210244255992354301e+00	1.056330376997023590e+00	-6.096395653283426253e-01	-1.608006361005634988e+00	1.141044159665920876e+00	-4.715558621771772430e+00	5.101561960911467075e-01	7.853344145011169619e-01	3.518243251618350609e+00	9.984013320196944985e-01	8.248350972923883251e-02	7.958011519351301244e-01	-4.793952550448338790e-01	-1.121453433960458712e+00	2.068884104211877184e-01	-5.151000460966340677e-01	2.127519105509128483e+00	1.797518396854588918e+00	1.300162199052710410e-01
3.943579016162267470e-01	3.195234094549079362e+00	2.785111268922422223e+00	-3.568864977344401890e+00	2.479825201518115030e+00	7.193048356896086792e-02	-1.286181640546240734e+00	7.003520731873960070e-01	-2.389018633819194992e+00	-4.122870759423502562e+00	-2.685743649796613064e-01	-8.022448802142301272e-01	1.099038934581813010e+00	3.886645454970528490e+00	-2.647822644078190457e+00	-1.432239428181915630e-01	1.968983770318923909e+00	-1.861030016477556837e+00	9.692898963463479900e-01	-2.002955263061778624e+00
-3.169234339357446917e+00	5.523435505992657646e+00	-2.004044198938874921e-01	-1.749134755691859722e+00	8.520149063429818259e-01	-1.262709963829617976e+00	-9.801249845847637143e-02	-3.947790056497441080e-01	-1.226351008221220340e-01	-1.636525927321391238e+00	-4.887214999488877498e-01	2.863295139343222662e+00	-2.415474176724889954e+00	1.196542082233786664e+00	3.610546299506349754e-01	-1.932222254154028596e+00	-5.027647574431499677e-01	-7.566487474706088401e-01	1.108387968416662428e+00	3.967071445450112699e-01
-4.159311680154647028e+00	-3.900493900960577243e+00	2.405949815869384611e+00	4.537422742569690470e+00	3.753677766185739562e-01	-1.579005047008252172e+00	2.858726002188702875e-01	-1.321819440548999358e+00	1.056028259822916704e+00	5.935697692840644774e-02	-1.157020446902044863e+00	-7.038927700338454274e-01	-3.118875162539443413e-01	3.212867700915959523e-01	-2.076567244849568394e-02	-6.624167313086091191e-01	1.383538409707928685e-01	3.411018087769830398e-01	1.053871891034212860e+00	-4.270045454013839392e-01
-1.586219640640750494e+00	4.038493579067663042e+00	4.268298816393995665e+00	3.864082145334382545e+00	-4.236349055156774845e+00	6.429478250294172748e-01	2.795628754207078792e+00	-1.120177930757895179e+00	4.857578323851733382e-01	-9.729782350040929728e-01	-2.032755739492076774e+00	-1.244758859499588199e+00	1.405722400846168840e-01	-7.478312055149133331e-01	5.428929124212818202e-02	-3.183265169482407675e+00	1.229465486183230594e+00	4.195537345944631846e-02	-5.110626297943187124e-01	8.514126382042849217e-01
1.555067788133127848e+00	4.723603362705913966e+00	-1.621765700583261305e+00	1.781308484558528971e+00	-1.998796603904337221e+00	-1.490001080997476635e+00	-1.071109902384297374e+00	-6.929455571206429632e+00	8.395381540546189569e-01	-2.756548394632869492e+00	5.638630482524543686e-01	-1.842114839593440356e+00	-6.743478192492596834e-01	-1.196835082713553655e+00	2.224739290276838144e+00	3.464986076771298662e-01	6.042980542328764137e-01	1.696320013923805048e+00	-3.305815308732851676e+00	-9.119361672838887101e-01
-1.687326470837344550e+00	2.636183213926869939e+00	4.736163485394575545e+00	-3.767273786884894893e-01	2.190881194935942577e+00	5.219256230550177733e-01	-4.098157450345667030e+00	1.053566503825922318e+00	-6.929654285630886257e-01	7.257600128603433065e-01	-6.849099476926765462e-01	1.790033125656413260e+00	2.187791650685092293e+00	-9.021769174849731954e-01	1.003862899874303105e+00	1.922117571771940314e+00	2.036849838927341949e+00	2.730427540533623132e-01	-3.085623687864851028e-02	1.054139701894756254e+00
4.512327451990610250e+00	6.271188308926195276e+00	-1.538916130081226186e+00	-7.421782311416648403e-02	-1.994935563358006370e+00	-4.479374640488248183e+00	1.631495525530507029e+00	6.854752413964334545e-01	4.927342259724644791e+00	-1.359017844994326207e+00	1.401634847374952697e+00	-5.065367135773102270e-01	3.567594800486676210e+00	-2.518919537667514863e+00	2.218282794828651261e-01	3.663104849905640670e+00	2.469147261090618439e+00	8.125810702989681999e-01	9.011467346931588684e-01	-1.851927930705671022e-01
-2.248169254292417651e+00	2.424066088751294590e+00	1.421582013535858391e-01	1.216473614196019515e+00	-4.724825724813361827e-01	2.954541757107467248e+00	-1.910031258640203289e+00	3.619200910728090470e+00	1.671582966862951991e-01	-1.579370332583408310e+00	-1.277851963189811535e+00	-1.575450477698313589e+00	3.388565254341305844e-01	4.896076756975376587e-01	1.643402191912246846e-01	1.220179273568615219e+00	-9.710588203581507205e-01	3.071991407858318257e-01	-2.172796081367277754e+00	-1.155188283996994469e+00
-3.474127474912739988e+00	8.163704373729153974e-02	-7.965529605394593426e-01	-1.891661641462984988e+00	8.349248121169590142e-01	2.043994729126835441e+00	-3.500730880061297956e+00	-9.125761536175116539e-01	-6.047740942962928634e-02	-1.813512655919167216e+00	-1.486764911471359474e+00	-1.095586414600548286e+00	2.161077792724977464e-01	7.354830785082377975e-01	-3.791985023280426970e-01	-6.311797733429623802e-01	-6.895949529354702401e-01	-5.886070711602343630e-01	1.168613782541188861e+00	-1.967704856499013222e-01
-2.374321156811216582e+00	2.338959488181756807e+00	-4.230514495834613697e+00	-3.935228011758415412e-01	1.212712307095343833e+00	2.715553681407316677e+00	-1.960794057029927595e+00	2.421026693198519819e+00	6.739444765088861145e-01	1.287627320495274397e+00	-7.429990915645815486e-01	-5.165794419237376145e-01	1.325400294345481789e-01	-1.219226869426855542e+00	-2.275266270003987845e+00	-1.647385894705732268e+00	-6.061156004455551249e-01	-1.575245403881235517e-01	2.319759310905115390e-01	-1.769544920313310399e-01
-5.043700647512950219e+00	-4.525121312301477516e+00	-1.870776131412670962e+00	1.422228910528247514e+00	-1.067194521814293778e-01	-1.832345199306195216e+00	-2.653867455156330712e-01	-5.856796784391957722e-01	-1.320650562900480329e+00	2.372718282351610475e-01	4.751925781152968598e-01	-5.166746424522318248e-01	1.635553488491573004e+00	-1.122691564937276093e-01	5.056066526387840154e-01	-8.716326076854739036e-01	7.121739500303518600e-02	-2.174771682637428316e-01	-1.522115416478536376e-01	3.502618789421478307e-01
-2.024228168461942534e+00	1.742737024746161767e+00	8.195918751241452194e-01	3.545758355972488118e-01	1.681541554553380724e+00	2.610339695770935275e+00	-3.830995816479249694e+00	7.317753312870144411e-01	-3.154207047428353228e+00	-1.737414920937414564e+00	2.071786485446923454e+00	6.299595672462233731e-01	-7.166439745217156876e-01	7.526886360029125811e-01	-8.264885630275925488e-01	5.806713627131516731e-01	2.229162952683183263e-01	-1.222093295414989678e+00	-1.764038741405283828e+00	-2.645280145865467891e-01
-6.215451568218076650e-01	5.686583343903618193e+00	-1.100993355781269889e+00	1.469777694476620267e-01	-2.826796334163501623e-01	-2.249614628402796690e+00	1.489086837102740812e+00	1.376076002718244151e+00	2.309292792792817448e-02	-2.658097513344690910e+00	1.234363891822492926e-01	-1.792635678746694383e+00	-1.263225830464717925e+00	-1.302272863910147516e+00	-1.694288166016536534e+00	-4.047875849345468069e-01	-1.783601665469540576e+00	-8.394663947427413175e-01	1.868525373044329640e-01	2.667633436855719520e+00
1.053890111112470995e+00	6.572864413234033698e+00	8.243944353926937474e-01	-8.747495509731335606e-01	-2.095905141557284690e+00	-3.280741811518692597e+00	-2.192825194551585588e-01	-4.954774378439040561e+00	1.345529847770523979e+00	1.179096235922648450e+00	-2.077766547546627596e+00	3.251872256981588105e+00	5.940231076737009230e-01	7.744109139559536281e-01	-4.971540083978712943e+00	1.022450659859532651e+00	-2.590718010504136082e-01	-2.234088815130216066e+00	-2.519140925496181627e+00	1.533886467108479312e+00
-3.054224867525241471e+00	4.897113018143775531e-01	1.010750828158418546e+00	-1.747285246681108961e-01	2.128320852303052124e+00	3.260307766087760850e+00	2.373637359225029719e+00	4.928300789506645518e-02	1.663635702915476244e+00	3.640579312012263702e-01	6.281380160943210722e-01	1.151506103401594538e+00	-4.313026191571724399e-01	2.000747085131026726e+00	1.423267500206447878e+00	-2.038662538287012271e+00	6.008372733289233381e-01	4.671623439973881728e-03	-5.214922817868304916e-01	7.699741328520992578e-01
-3.825531517653093072e+00	-4.834401105161562739e+00	-4.423571563713160515e+00	-2.660396228136672647e+00	2.231454717031049029e+00	-1.437489282796118761e+00	-6.683175066338550296e-01	-9.049990555947849957e-01	-1.131115566215799006e+00	8.113203231916542579e-01	3.464666472480250614e-01	-5.072838754824348095e-01	-7.991136574927216740e-01	-4.998378030124946969e-01	6.807230561899547672e-01	-2.301950300570997365e-01	2.465776645956057611e-01	-2.384946406500518257e-01	-9.516204560827539183e-01	7.550279467581780812e-01
-1.495848005754682797e+00	-7.729055229655155124e+00	-1.521559032339879769e+00	-9.241229093189339272e-01	6.555007652211773950e-01	-1.886562417076296017e+00	5.733911311254186183e-01	2.313511638334383169e-01	-2.543296651324079560e-01	-2.240374463394091409e-01	1.563579129682405977e+00	1.759883610889642624e-01	-5.230802094975061101e-01	1.001764092494125680e-01	-5.590103666732857551e-02	5.464325619186329863e-01	2.858297525767810460e-02	1.725556098213770206e-01	-5.561127526846030289e-01	6.266505127030898015e-01
-5.798131228752636535e-01	7.471727968472822390e+00	-1.276702258008196589e+00	2.084430927283107415e+00	-2.070040774569917641e+00	-5.590218494939318550e-01	1.170494186960689520e+00	7.868400870255252144e-01	3.034200412112580736e+00	-1.546711442290365612e+00	9.242634579262024586e-01	2.021703635191782200e-01	-1.604763890627394440e+00	3.440643267159319230e+00	4.505292316296947153e-01	1.461507477273853661e+00	2.890290493983293629e+00	-3.589536831248053339e+00	1.047095268791597977e+00	6.616376938656370887e-01
-1.275701117149226294e+00	5.489898630864487927e+00	9.459960146707909745e-01	-3.751441364287847691e+00	-1.555243842554295819e-01	-5.264984304361164380e-01	-1.907203725231670643e-01	7.318442407512579795e-01	1.810581520849168791e-01	-8.818649411070220712e-01	-2.152465981640476755e+00	-1.783869049337266366e-01	2.132493974766591638e+00	-2.143464650393969162e+00	1.065244253493491833e+00	-6.360003050736318109e-01	-1.065198590687589819e+00	-1.675869165899386726e+00	6.442447314645347589e-01	-5.512052825430814318e-01
-1.300241850028828416e+00	3.798802363847331609e+00	2.553526599479786441e+00	-2.126446074449547918e+00	-8.115430664423453067e-01	-3.297413661940171270e+00	-1.720812543853893706e+00	5.780986229359804662e-01	-2.358246760509727369e-01	4.109841970006181455e+00	1.542930033724975392e+00	-2.773587687988017692e+00	-4.996352463912006603e-01	-1.234987534885568367e-01	-7.205146808619975474e-01	1.133805928791071116e+00	5.265557970180555214e-02	7.957156993459011396e-01	-1.942499625467652979e+00	-2.034364622966749470e-01
5.026677019493459853e-02	-3.721021241458541517e+00	-1.651954747124768197e+00	-5.371831698488584994e-01	-7.993534797618225829e-01	4.712809746820461498e+00	9.024534390888214741e-01	4.877420169804824179e-01	2.803717018738008271e+00	-4.214194610341583380e-01	-2.451199330614148575e-01	-1.248720968272152843e-01	1.450767306452348804e-01	-7.644553717108316659e-01	-1.440650256463467671e-01	3.928685951066392956e-01	2.430285725017168885e-01	-3.608677442415209047e-01	-2.598565264587707202e-01	-6.869042045691549081e-01
-1.229628763419633675e+00	5.379390799308708004e+00	-1.140246072115378873e+00	1.539663189135455079e+00	8.922333014080965352e-01	-3.537941772186670719e-01	-5.241128272301378566e-01	1.350483132644850537e+00	-7.746901157260466242e-01	-2.817903885786657625e+00	3.306112023728561500e+00	-1.383477455316692195e+00	-6.861073360731011483e-01	-1.049500808462620727e+00	-8.356404567784392334e-01	1.940463581383770064e+00	1.217108889656958404e+00	3.067057413892842338e-02	7.207448698503482465e-01	3.021855134200625237e+00
-1.882925434165357848e+00	-5.034022041313213069e-01	1.555121405961588543e+00	4.274155658483144160e-01	-1.472064360064775812e+00	3.106333911766846700e+00	-3.483865950420214297e+00	-1.714469474495714296e+00	1.274848213789442630e-01	-8.139812827397875372e-01	-2.305046428755690158e-01	-1.280502200093372456e-01	2.850127715617832291e-01	-9.299786911515381949e-01	-2.248152508322983412e+00	-4.826217693581528745e-01	-8.766021142722839610e-01	-4.646596564004243368e-01	6.297393062329443847e-01	-8.436090856548205119e-01
-2.425152761032010051e+00	1.971351351398765495e+00	1.621351946291742729e+00	-4.698183078440363758e+00	-6.034418502476777135e-01	-1.409998170114882488e+00	5.925911538514665455e-01	1.709481460027871158e+00	-1.356973890470780930e-01	-3.260799529466361646e-01	-3.159164093471558132e+00	-1.383161724369331047e+00	2.239237309360274653e-01	1.517480751047016296e+00	2.831881393278963266e+00	3.180142713640095598e-01	-4.192713462232274813e-01	2.733251144231175767e-01	1.774770325781633851e-01	-6.974641680523722131e-01
-8.248385424992807913e-01	-6.527506801297376704e+00	-2.348927677806190495e+00	-4.185510031186701063e+00	-1.874714386652052978e-01	1.080475961361784698e+00	3.066708873782441388e-03	-1.967745170571594482e+00	1.089378527819231612e+00	-1.194987684974923914e+00	-2.479382776979999203e+00	5.611105200949882688e-02	-1.317904407722163329e+00	-1.245423679232203540e+00	6.446852270256132611e-01	7.031314972129366625e-01	-1.234652311436147842e+00	-7.882862834971089416e-01	-5.370846467462730978e-01	-9.936031494339351289e-01
4.229037057081939999e+00	6.110018064192174414e+00	-5.610289670835665987e+00	1.741222690621789804e+00	-2.315021138966294245e+00	2.700657625180487020e-01	1.560816939219439536e+00	-1.857916455817079759e+00	-2.840620518665015304e+00	1.106673075545053120e+00	1.314185208968834617e+00	1.766685462462304512e+00	-2.298141999160950633e+00	2.469927161688299844e+00	1.221371666032769143e+00	-3.446077389527120727e-01	2.582372654834871328e-01	2.092968364200535003e+00	-1.994837076804104881e-01	7.226616635076842099e-02
-3.367748030599538644e+00	3.061704253361478667e+00	8.605577239392945277e-01	-1.330662154764721716e+00	3.638218494148625637e-01	-1.541280054642945041e+00	4.449196291326636965e-01	8.518900002530132021e-01	-5.671004171377498349e-01	4.066872472663186855e+00	-6.110247947507032595e-01	-6.561461657874060327e-01	-1.622202335137089779e+00	9.293323801597077605e-01	1.389252050442479680e+00	-1.641360284378496626e-01	-2.533215787652288720e-01	7.129000307305489725e-01	5.712567417245831836e-01	4.481771298077498744e-01
-1.887261575901217903e+00	2.065276332008455284e+00	-3.222394905893559702e+00	-2.947994245113148448e+00	2.724491104917264206e+00	1.479852875964570380e+00	4.059479046072281827e-01	-2.912755688410638477e+00	3.838992033252374814e+00	3.133584098487092184e-01	-2.070816180926162708e+00	-2.244771350181744118e+00	-1.915998996488401940e-01	-8.943560174322757739e-01	1.821093024386808978e-01	-4.182797615186553131e-01	8.568233644454141817e-01	-8.369011196439568590e-01	1.830893113245994241e+00	-4.408840240033284896e-01
-3.339926495879795620e+00	-8.308376707219726764e-01	-7.148874910616731526e-01	4.322702838737395581e+00	2.203419130677836346e+00	2.488489410995999851e+00	-2.014525756786630151e+00	1.447400638337184908e+00	-3.128039505370250883e-01	1.012194030796771838e+00	-1.224040351996891873e+00	8.455120687949629898e-01	3.951381727818774336e-02	-1.376221921975827600e+00	-6.024951314515979428e-01	-3.547944094955127747e-01	7.583103697467474813e-01	-1.745394759635444437e+00	-9.050802319095206938e-01	-9.899552318702706799e-01
-2.607892914284228425e+00	-5.317418857595595405e+00	-5.187731934872887724e-02	1.986745295195160299e-01	-2.429317753111281508e+00	-1.687413062353474658e+00	-6.185275507720879862e-01	9.397488187415525829e-01	6.037306680259615366e-01	-3.036742984052324124e-01	6.778153126486325952e-01	5.009031982558936891e-01	5.271876938271050639e-01	5.967780283877499592e-01	3.368690697309175697e-01	-7.725137284786034453e-01	-2.944537408631122122e-01	4.758562882249465775e-01	6.935547054572721581e-01	7.182358670684900748e-01
-2.683585055864322388e+00	-7.830808714196327847e-01	1.905691709052526495e+00	1.708619424046763591e+00	-3.932888324695932969e+00	1.205108514093940902e-02	5.424692315375975182e-01	-1.296883731032619114e+00	4.734836215977022977e-01	1.454363670922209861e+00	-2.247266478542860657e+00	-4.228874816573632844e-01	1.077331969273146894e+00	3.583744560482617914e-01	3.054687565413536365e-01	-1.376450198114889112e+00	-2.209191377758357167e-01	4.987450450597726292e-01	1.508473106197772085e+00	3.388422617505269102e-02
-2.859347760628683788e-01	6.695413535537465322e+00	-2.828588690908018677e+00	1.969812318060734757e+00	-1.405116176524603855e+00	2.902951505239162344e+00	1.941235159586544912e+00	5.473410478959529257e+00	4.460071059240276470e-01	3.797777176705354196e-01	-2.323029569214836165e+00	-1.074402197856587637e+00	-1.788386032824975214e+00	-9.140123600530715153e-01	-1.685227516916105506e+00	1.757989842000528213e+00	9.083487038701860694e-01	2.758352768640884634e+00	-3.246513967071989470e-01	-2.409483537476064252e-01
-1.759581360916557591e+00	1.754682788408874927e+00	5.835313979776389992e+00	5.947874612792692917e-01	-2.103551815068630759e+00	-2.343938721110429668e+00	-1.729786806507159547e+00	1.802368550254628277e+00	-4.747601450189787853e-01	2.244435307213511255e+00	1.893232206673935991e+00	-4.519853173986712491e+00	-1.485578503972558639e+00	5.839605031181933636e-01	-5.353325194132995124e-01	9.129445006553631448e-01	-1.309636956018141341e+00	-9.973521404895488995e-01	6.349998135230233709e-01	-1.301102478781324567e+00
-2.978384751812749975e+00	-4.070500747043476863e+00	-3.249447162027248037e+00	-2.214670629995289186e+00	-1.555590612168412656e+00	-9.490348587182527718e-01	-1.556796894510342533e+00	7.311820728798423819e-01	-1.411265119088256359e-01	-2.085201624788786123e-01	1.336177599876530175e+00	-3.770685475728507985e-01	3.612871607154913844e-01	9.519674066610922525e-02	8.545737967234574572e-01	-9.809426754781381819e-01	5.721883853889844218e-01	-3.975772950497256097e-01	-3.029706161520047125e-01	1.400673236896408991e+00
-3.584454538783955257e+00	5.874738532695469750e+00	3.752084752878728224e-01	8.728289729013273268e-01	-3.722458251621565961e-01	-2.512872442670801010e-01	-2.591974951978366803e+00	-7.123353661993108155e-01	-1.486991396854937086e+00	-4.718898069115026184e-01	-2.019475577401871558e+00	-4.338291815946781482e-01	-1.007331485947742022e+00	-1.609167845963859866e+00	2.557969929009361376e+00	5.677039583723169081e-01	1.171158767605471551e+00	9.951469643819451649e-01	2.871867703988412734e-01	1.314728109065063322e+00
-5.340186445939654192e-01	-3.333952773483119802e+00	-3.839941418816845697e+00	-4.655514511027930347e+00	-2.645635550382996470e+00	1.302777597848418178e+00	2.642857105985940147e-01	-2.751934062236043310e-01	-1.236537323808982181e-01	6.733526052746349189e-01	-5.209497601261594557e-01	-4.364799924382415930e-01	2.917190150689807360e-01	-3.683992550150023138e-01	5.713849889492346457e-02	-4.232441352687944525e-01	-3.040688506339144226e-01	-3.525965402390852099e-01	-1.354262140172070306e-01	4.921275039180634248e-01
-1.438753533551551556e+00	-4.106767614446723336e+00	-1.603047293278621499e+00	-2.707138256450261959e+00	-5.266913555007183279e-01	3.431539911969171408e-01	-8.044432796879357195e-01	-5.273177302401580585e-02	3.402934383468393165e+00	1.260162787268772622e-01	-1.461402326364561466e+00	-3.926122725188603835e-01	-1.114993011076250262e+00	1.463388008551691618e-03	9.761608308821684288e-02	6.521380070631739578e-02	-8.643346521422140549e-01	4.756804779001454486e-01	1.318102572551391960e+00	2.673048489941464712e-01
-2.886093560032204852e+00	3.666691111364164257e+00	7.781128193380093538e-01	-1.212422226385299062e+00	-4.797886996148842398e-01	4.056082059106367876e-01	-1.045286470172047899e+00	-1.016020871650748392e+00	2.929216275406684722e-01	-1.223602103468550917e+00	4.817921799313713005e-01	-3.095146932121159433e-01	-6.470369546193266430e-02	3.254502231139295709e+00	-1.137467625089739753e+00	-2.398003457145293282e+00	-1.289912763181116473e+00	3.948300058983811756e+00	-1.938779837742200307e+00	9.544689156205364844e-01
-3.280393708510363382e+00	4.812170494502129969e+00	-3.243872537186823557e+00	3.412899171427030254e+00	2.638696733687794227e-01	2.954035450561610876e+00	-1.078286596820253046e-01	3.981919767167746205e+00	-1.164258911321726320e+00	-7.405058129698959268e-01	-7.450403549045505613e-01	2.224265254711565998e-01	-1.499248856683864428e+00	1.638193605150738141e-01	8.051388437209980875e-01	8.069034246792547993e-01	-3.890140533905088183e-01	5.657281309034069977e-02	-1.494080809624313444e+00	2.003821951069591212e-01
1.363688394301208362e+00	-5.743367362952485955e+00	-2.683931890897417016e+00	-4.651933967935902636e+00	-1.876032822203794748e+00	1.190267699877969543e+00	1.688402292520070125e+00	-2.104404756893860196e+00	-2.203558296108560466e+00	1.665030083272322770e-01	1.107902242347888810e+00	-1.975060028628503161e+00	-1.286730087833390046e+00	-5.368634596229211464e-01	1.243636465805054714e-01	1.065602804067746545e+00	5.711179349540467243e-01	-1.303518507339585630e+00	-7.334256079027988706e-01	3.000853671707348624e-01
-2.105494855463705850e+00	-5.157461505840905680e-01	2.472849345777402563e-01	2.668011271084765212e+00	1.757450679213022449e+00	1.634632991960413673e+00	1.944617100648129648e+00	-2.678077166874089254e+00	-2.823518863636695908e+00	5.116557548637191699e-01	-4.652105838681550726e-02	-2.232108241429753281e+00	2.365107611068568261e+00	-1.029351195528338758e+00	-9.410509314337293929e-02	-4.534218931396504226e-01	1.217917255456877124e+00	-2.285560610003123827e+00	-9.307328685608388108e-01	-1.275240887230888021e+00
-1.659465350927094018e+00	-5.922719936726953627e+00	-2.297147265464664745e+00	-3.328141457458662078e-01	5.570982761360971924e-01	1.721035629241138620e+00	2.505561428359451615e+00	1.199445427656676832e+00	-2.226469924600107120e-01	3.655591707460142947e-01	-1.096442075672498850e+00	8.500582033685131211e-01	1.125002708483445524e+00	5.452452374905943921e-01	-1.096718957671620975e+00	3.671833333075379402e-01	5.477243630267754071e-01	-6.604338121199529454e-02	-9.410330296814999329e-01	-1.649113566921330820e-01
6.548455298618171661e+00	-1.154975990259132246e+01	1.935730386367775058e+00	-2.199407499664221000e+00	-1.656163922437375202e+00	5.969678826852270470e-01	3.229499236045712873e+00	1.555054178984581537e+00	-7.728235626244633893e-01	-7.747965441544562015e-01	3.185802596706166501e-01	1.580674239441040907e+00	-1.304807363408511112e+00	7.375682610171753473e-02	-1.793095913751089787e+00	2.393451734018408050e+00	-9.420026671711552169e-01	3.607200835251440640e-01	9.153088385525690041e-02	-4.702239801164816990e-01
-3.254877503430539942e+00	-1.845888838937520537e+00	-4.299365839242079268e+00	-4.740195121978385551e-01	4.693473739081846396e+00	2.875682411335957478e-01	2.817597702814397476e+00	3.591976419362900019e-01	-5.342358849160697698e-01	3.090034958895889083e+00	-1.001632074839674313e+00	-2.671931824771466291e-01	1.210887179816531489e+00	2.355248620648443258e-01	-1.084758164771529421e+00	-3.256484610024477644e-01	4.263584297948183610e-01	4.508012313437622098e-01	-3.982600036081810485e-02	-1.986885395119884212e-01
2.170047567034954383e+00	-5.506565032443739405e+00	1.920352615802002783e+00	3.471528956070603078e-01	-6.187993073357959117e-01	1.370189261314326057e+00	2.553179043700427808e+00	-2.021229359701944617e+00	7.685833085158475519e-01	9.109187591288179231e-01	1.572617032108817314e+00	-2.271623375261186517e+00	-1.993084481578428324e+00	-6.401272741157226775e-02	-7.364619629505113618e-01	1.436528936818530333e+00	3.138330617187260474e-01	-2.391626211199109064e-01	6.784007050242610859e-01	-1.081180791900576921e+00
-6.298141475939506684e+00	-3.620484327583598727e+00	-7.429584699520370705e-01	3.155016802678399124e+00	4.299387690085198360e-02	-1.663861745198734088e+00	-2.505745770212861157e+00	7.438972727844792576e-01	9.758999005042918728e-01	-2.345712698303099586e-01	-2.713894744647674662e-01	3.818970876554122484e-01	8.699025733943287486e-01	1.860329308546831290e-02	8.454521449422233159e-01	-1.447774830396288515e+00	5.870170651305334220e-01	-1.616525973859812143e-02	9.573458824916425414e-02	4.322427594462378009e-01
-4.933386601334971644e+00	-8.779003698462362060e-01	-2.995379027873354083e+00	1.468570465946268611e+00	3.496248109733870013e+00	-7.429845929036115182e-01	-1.206415747751484302e+00	-8.218621198091259350e-01	5.662392511810275808e-01	8.996941848070710845e-01	-8.235450376249293936e-03	-1.719930895191406295e+00	1.408275497100974424e-02	-2.638387952702030415e-01	-2.182501348400519847e-01	-8.777386504761170993e-01	1.077229079337951090e+00	-4.846079521620231256e-01	3.261697543771759911e-01	-2.947307265334456194e-02
-1.871306078859845012e+00	3.409084525027726187e+00	-3.171893321202455596e+00	-1.125417499712115577e+00	9.442349609626218276e-01	-1.480646394984594272e+00	-1.750065932005686387e+00	-2.037435099331365240e+00	7.580690392086293361e-01	-6.759197084921463039e-02	9.761202041597581980e-01	1.806897793691629506e+00	-9.316839457329777474e-01	2.160427272554353628e+00	-7.181831734125443401e-01	1.574914175981311004e+00	-2.464337511051169383e+00	1.561236494868899261e+00	2.445515329609152744e+00	-2.540098990395639245e+00
9.430549873125994020e-01	-6.637294612522175008e+00	-7.398809056110791094e-01	-1.157566152017635686e+00	-4.412682244480992111e+00	2.845756958097744871e-01	-5.798910387573051883e-01	1.202485593895125326e+00	-1.093163724116128499e+00	-1.730471892748757901e+00	1.432673461011084504e+00	6.954766082736600907e-01	9.466955925881515022e-01	-4.175993264786773823e-02	3.995475396204013485e-01	-5.561933493864729128e-01	1.296086200755139084e-01	-6.192218638686016741e-01	-1.910134833478650540e-01	7.124836255340795121e-01
-1.865188704597201985e+00	-9.222565362510319886e+00	1.699435536034908489e+00	2.966841404625963463e+00	1.785938849878654366e+00	-2.013954918761452273e+00	9.500839998692099941e-01	-1.707087399170860165e-01	4.443214007042004532e-01	-7.864229343473864153e-01	4.613200383289098871e-01	3.721789236698662129e-01	-9.563871554083382964e-01	9.672506951717493862e-02	-5.766240898663936854e-01	9.868678666258344778e-01	-2.617942158858697216e-02	2.427696508270855286e-02	-3.110022396157274271e-01	-5.622882615445404797e-01
-2.092674872464475921e+00	9.905525067362835889e-01	3.214738173810891997e+00	-3.017024048450623219e+00	-1.514697264231166018e+00	2.562075469059956312e+00	-3.309386782072674116e-01	-5.578163229926779154e-01	2.930081284740928993e+00	-1.356315244609570980e+00	1.276413463286611760e+00	-9.014724250233658864e-01	9.252379910717584144e-01	2.020303333298513859e+00	1.030231317880428099e+00	-7.709822496807233749e-01	6.019417710927966736e-01	1.774485344536754328e+00	3.834265085953757479e-01	1.313817323608647558e-01
3.570342353591762774e-01	-9.529216009728143533e+00	7.626572615985712789e-01	-6.361515404681403751e-01	-1.699521476199344905e+00	-1.704799574001134133e+00	3.593862732954886119e-01	1.352884631532479842e+00	-3.070482709239942265e-01	-1.464628406779832304e+00	5.948731266352680347e-01	1.543595034822526246e+00	-4.378051722198018636e-01	3.153328527798143766e-01	-2.843823270009838144e-01	4.871892895687780500e-01	-6.888741108701461613e-01	2.764145468521343463e-01	-1.166397768490135545e-01	1.492442706434652100e-01
