8.615182310966991441e-02 -4.585968354058324314e-02 1.290034505660750952e-01 -1.223660113206721245e-01 -3.133977740221421254e-02 -1.552751704627067519e-01 8.196396513028840480e-02 8.916721627200659139e-02 4.908592749934802268e-02 5.627129005050588231e-03 9.371239637342255319e-03 2.229214637012429112e-02 5.909176772195900290e-02 1.860217288630441196e-02 1.583871013324143762e-01 8.322855645014393122e-02 -2.300238817845686179e-01 2.745514997323397210e-01 5.478123630732634891e-02 4.718093670388541772e-01
1.034109433307530274e-01 -6.265570716331871071e-02 7.219839960269176793e-02 -2.408507172594461510e-01 3.846328868831509068e-02 -1.469635291499033769e-01 -3.267019836440312325e-02 5.384788090910269491e-03 1.825185423307437368e-02 2.981744479512079410e-02 8.163380713690709944e-02 4.111760822672707455e-02 2.955872296227548754e-02 -2.890578505689339953e-02 2.069918802001689262e-01 2.382847034230636263e-01 -2.810641967213815540e-01 -2.465025532009612955e-02 -3.648940682476692343e-02 -1.617728481504732418e-01
2.185661677570337746e-01 -1.404988793118142620e-01 1.255240047103897139e-01 -4.634937827199219207e-01 1.194173171369233982e-01 -3.811387687451584516e-01 -2.936792924201461069e-02 5.712369932747421442e-02 -5.954785014678342508e-04 -2.894245000664337486e-02 7.407812078154438207e-02 1.960827569249268265e-02 1.770756602871504520e-02 -3.595639792965747011e-02 8.858528117187425277e-02 6.290333523870370036e-02 -1.013958934312135934e-01 7.311582481978783771e-03 -7.974808222155332221e-03 -1.502502414828533334e-02
2.379279438476316622e-01 -1.806331371863645063e-01 1.421833655682263609e-01 -4.784660114177731738e-01 1.888134540366994130e-01 -4.766115032324613754e-01 5.168084859260421368e-03 4.974728513236280347e-02 -3.209421865454935990e-02 -4.423894994258340679e-02 5.366125567483597675e-02 -4.026314466215374921e-03 3.797352907959855584e-02 -7.122085568329668270e-02 -1.193326189378583237e-02 -1.495171353657248105e-02 7.579145915740292862e-04 -8.668596487833149511e-02 -8.935188477407724622e-03 -8.578535470339275493e-02
2.733187971062687738e-01 -1.749116166899772618e-01 1.364700829886164590e-01 -5.121317561174431043e-01 1.952739647536780865e-01 -4.665730874676217721e-01 1.479280934117330713e-02 2.653969016036663783e-02 -4.155948827646954724e-02 -4.565146422035368245e-02 3.213077410233582815e-02 3.259117923566708964e-03 1.925694912709382742e-02 -8.214727173132363447e-02 -7.531404794333464159e-02 -3.810269110050750613e-02 2.820495502886046987e-02 -1.203450014959241005e-01 7.604468605524481763e-03 -1.042751221531817846e-01
2.025092053453435847e-01 -1.807396250920944858e-01 8.652217080573819386e-02 -4.437497472486696681e-01 2.109360101378461305e-01 -4.275384999636167027e-01 1.537801683870601739e-02 1.631180744494722251e-02 -6.213200501324353531e-02 -2.104317268747225508e-02 3.884633597383180953e-02 2.153410102057863942e-02 1.423669109237615804e-02 -7.356808160530971252e-02 -6.636889483287501668e-02 -7.661891043693447312e-02 5.662958143600739513e-02 -1.239689935523023007e-01 2.658453834070612087e-02 -1.015136116635950853e-01
1.794348757708581210e-01 -3.322887979830168453e-02 9.569796321533603767e-02 -5.259588201150214998e-02 -1.723370576417425359e-01 1.189878259855459280e-01 -5.945808390781030794e-02 1.356659130279375125e-01 -2.283890572326251547e-02 -9.831171944246581973e-02 -5.525111225213016897e-02 -2.566443312877969563e-01 -1.804298243293324111e-01 9.697162848387425038e-02 3.599554074388599395e-02 -6.113643374307121958e-02 2.927783263435609906e-02 7.460316600400811182e-02 2.376632841406463859e-01 -7.729400820329496158e-02
2.060177688152342035e-01 4.961385707553303721e-03 1.859835913296024046e-01 -6.585540494442181092e-02 -1.217948138867630120e-01 1.120793802931390470e-01 -9.213287192650781998e-02 2.759565100904486368e-01 -7.099368371127151578e-02 9.401794707731749023e-02 1.319267534282230481e-01 -1.098875945783324565e-01 -1.063447266489729315e-01 -7.529040952934487260e-03 1.151518535765644335e-01 4.180672149443383501e-01 -3.793829376879152837e-02 2.352652355872442841e-02 1.312398645994095336e-01 -1.190328555053589941e-02
3.390502511258089435e-01 -9.252041191084617311e-02 3.611885826829452917e-02 -3.942420033455933948e-01 -9.388564606597075979e-02 3.083468033027872424e-01 -3.184896516466286798e-01 1.289235643941779585e-01 1.129404216174519915e-01 1.886270813287436177e-01 1.230180048405495469e-01 -2.872501063043813099e-02 -8.313718390515962772e-03 3.467173426756282179e-02 1.886166154699968900e-01 2.135331297314481958e-01 -4.352945750375144390e-02 4.652955071794528247e-02 -5.392024248105442563e-02 4.263387592062772846e-02
3.720299990141089364e-01 -1.156866970718870569e-01 1.060699271137537439e-02 -3.997469110882714838e-01 -2.127730902396730503e-02 3.455809507926025370e-01 -2.872317555626011654e-01 2.996959988915914169e-02 1.578626956715553087e-01 1.871857244486352101e-01 5.591470023646763488e-02 9.439376685374856191e-02 5.413842885608247113e-02 1.956664138786250867e-02 3.537875084314287544e-02 -5.065310603195395667e-02 1.553742596869411852e-01 4.662757070685290967e-04 -1.406105447998062530e-01 7.294499802645411585e-04
2.647938865225251126e-01 -9.544787755107275729e-02 3.039307794833982258e-03 -3.143385568721564494e-01 -3.824096983897365409e-02 1.885531951582752330e-01 -3.403873875964585349e-01 1.651128280735332521e-01 9.861052027671690645e-02 1.402647729566915691e-01 4.157988306867985151e-02 -3.604560980525192216e-04 -2.576627773188464379e-02 1.246594711042745473e-03 7.069166193034399220e-03 -1.691600055077641940e-01 3.124763972721032457e-01 -3.677438757486533455e-02 -1.498100229319318522e-01 2.897885019272452081e-02
1.498827524963501634e-01 -7.243275470022078610e-02 1.919203130181013420e-02 -9.344009278598855439e-02 7.437514036300423015e-02 -7.869872703572104722e-02 1.421071114694115109e-02 -7.847426996042726477e-02 1.348790795752652372e-02 1.674058945931373443e-01 4.776694589385719648e-03 -8.841398358966121029e-02 -1.240599397421688482e-01 -3.348212534790527550e-03 -2.584304804536235456e-01 -5.809128238379156900e-02 1.957908951615265625e-01 -9.707508111879675772e-02 2.545096626708057141e-01 2.921973399505390367e-01
4.485014636290108880e-01 -7.817678005857772727e-02 -8.242280754754958971e-02 -1.069066752298136747e-01 -1.224143842993971054e-01 -1.542075291627922548e-02 1.242130516699539583e-01 -2.907340958866048708e-01 1.014428404677628764e-01 2.147435225094947164e-01 1.635380311377938184e-02 -1.525234901929941322e-01 -7.719576883123720201e-02 4.896008552498805344e-02 -2.627914479441640916e-01 1.355335435450627235e-01 1.048920447806262479e-01 -2.406306612192597033e-02 1.253190446767128447e-03 1.086597258011132716e-01
4.678761884701639895e-01 -9.623511233224489592e-02 3.139394006157483763e-02 -1.891532313570665480e-01 -6.557523502296447315e-02 2.052082305508853566e-01 2.171745254964243255e-01 -3.973245671173176730e-01 1.392842644542066077e-01 1.275400045219085565e-01 7.703323677319594493e-04 -3.003414350630639537e-02 4.124291880920093190e-02 1.231750388694234921e-01 -1.645200142011162270e-01 1.839320167221642210e-01 -6.326261154637367878e-02 -4.292825142096965557e-02 -1.936877867386917543e-02 1.819478353257935124e-02
3.765047294387254828e-01 6.778110284970365051e-02 1.079999600852502295e-01 -5.562597742498354148e-02 -2.033056935969235757e-01 -1.316576156967656829e-03 2.628571258225073093e-01 -2.684101308336893643e-01 4.878862972981617280e-02 -1.280931471660039234e-01 -6.937319575568125229e-02 -2.565871840870499465e-01 2.588724809222176307e-02 1.019090024523880839e-01 -1.971327971228209464e-01 1.728812768343915562e-01 3.822557185863764695e-02 -1.405588453798295445e-02 -7.597811658829151105e-02 9.684616527377668286e-04
2.695016421864476208e-01 -3.589809831732507228e-02 2.490484467094411791e-01 -2.227091969883188971e-01 -1.654771016018536656e-01 -2.259160109825561480e-01 1.883379726985955627e-01 -8.548956337005024497e-02 4.497364875282711810e-02 -2.784211754348836498e-01 -2.521970610278063962e-02 -1.286472898536323850e-01 9.398120305918497563e-02 3.598567170219955924e-02 -8.505855165425205144e-02 2.793600927148743446e-03 1.929229207514048319e-02 1.279581250156710537e-01 -9.391074721031333894e-02 2.016175328544907858e-02
2.536643814540649466e-01 -1.921566240650776636e-01 5.551722000238080990e-02 -7.124999194685537052e-02 1.574059252330016756e-01 7.162902901939405265e-02 1.716023702258945120e-03 1.142227409591210947e-02 -1.179880788316775703e-01 1.750857742384620275e-01 -2.848579962402969512e-02 1.927743992437228743e-02 -9.155654132568201431e-02 -2.039749515202105290e-01 -5.199258765044616898e-02 -9.014237241145843516e-02 7.548058687333361605e-02 -2.123805056526007484e-01 2.723373874225699098e-01 2.898791560005342105e-01
2.985008929204920336e-01 -2.797777611749263094e-01 -4.872407559609046729e-02 4.164731223658183629e-02 2.460306182022449495e-01 2.377710386562559841e-01 1.240229610862727955e-01 -4.010334328172365792e-02 -1.659976667755095892e-01 -4.145983729582201210e-02 -5.102819701210065811e-02 1.215275017468042812e-01 1.738763215212879021e-01 -2.141185793454274955e-01 1.843017641882395141e-01 3.851544499725991638e-02 -1.483575197457950023e-01 -1.017943997513865995e-01 6.723322260845784534e-03 1.507257205571173667e-02
2.531749288327572178e-01 -1.266705929698543065e-01 1.286297968161818905e-01 2.093131734026212540e-02 8.996094041789805262e-02 2.197989908075111132e-01 1.885880911687689010e-01 -3.141232449798210535e-02 -2.615004381584489779e-01 -1.239371367564768150e-01 -1.004525478365526636e-01 -8.747014420233473198e-02 -4.176236013833056759e-02 -1.561632242451677643e-01 4.086246666238531333e-02 -4.002501366264758775e-02 -1.580892425169372340e-01 -1.008685447867117835e-02 5.063736008521947662e-02 1.851797691040383276e-01
4.987902119701484449e-01 -4.157509571470413001e-01 -1.511091297711454340e-01 -4.988921786209058601e-02 -9.836449039741835404e-03 1.982668095300001987e-01 1.126438548032117071e-01 -1.032847842678971256e-01 -1.062897035673675966e-01 -4.294176613095629369e-02 -7.082089318357720487e-02 1.270638585512238149e-02 7.930883328247820274e-02 -3.638317817018999617e-03 9.566665289439880981e-02 -2.125801637651180548e-02 -1.040449188650880014e-01 -2.004421845348421799e-02 4.534977832071472592e-02 3.463440192138343005e-02
2.970818532639377119e-01 -6.813041963903355980e-02 1.411869042465250523e-01 -1.986596743753875349e-01 -2.444792519381993601e-01 2.708443910403695587e-01 -4.957993763251254682e-02 9.378968280681972136e-02 -1.951540619063992302e-02 -4.097670696190162110e-01 -1.241273454847670460e-01 -1.443163955991313974e-01 8.009651140390895707e-02 -1.119948673869967937e-01 -1.179471615308925608e-01 -2.220621651022326726e-01 -7.782636678231530381e-02 -1.001761525868664487e-01 5.917749965231241388e-02 -6.080438379871051791e-02
1.135264356651841527e-01 -3.027009438389059726e-02 1.137812916592181867e-01 1.469102317183779496e-02 -4.311694404105407912e-04 3.056818378385145821e-02 1.934411992017374404e-01 1.564075128195376863e-01 -2.772003065170997732e-02 1.973820866973224203e-02 1.009299267344557771e-01 -1.183101434408544567e-01 -1.074349999851978293e-01 -2.132083708211444661e-01 -5.452557156649395081e-02 3.148323623571968460e-02 1.110313638786590146e-01 1.721116967282623408e-02 4.552609465540362055e-01 4.477089878363573611e-02
6.729703436213546608e-02 -4.705423524816135239e-02 1.477027956582430135e-02 3.640710992596889878e-02 7.266728519465406877e-02 5.467064045248145460e-02 1.618985557112328222e-01 7.749217248034101502e-02 9.733355134577670320e-02 -7.600610697173819374e-02 1.457295074044357153e-01 -5.659240208129008576e-02 -2.829175656358861035e-01 -3.658277601937445778e-01 1.601085192349949449e-01 -2.837935624087361761e-02 1.615101808357798929e-01 8.688663471966718427e-03 -2.991488325362440803e-01 2.051925127966263140e-01
2.113199817256023461e-01 -3.806387107555203597e-02 1.140944888710097721e-01 3.883274749311326629e-02 -3.500292210896359738e-03 1.035316606421284591e-01 3.253608327859443539e-01 6.093704065915014206e-02 1.126296746299910723e-01 -1.013429469829495166e-01 2.078998033809233148e-01 -9.504359583999699712e-02 -2.283745681632572411e-01 -3.762668713383096053e-01 8.301661115561501103e-02 7.602501955423286717e-02 1.947574681243953998e-01 1.048650031992537368e-01 -7.853128076790226453e-02 -4.759006004274045354e-02
4.796282173113897707e-01 -3.376566858599816534e-01 -1.662671221184894021e-01 7.629853040808534659e-02 1.192786976198457888e-01 1.412583769783400944e-01 3.170545894891297345e-01 -1.452734314485923106e-01 1.552437354386263513e-01 -3.281758948068829590e-02 1.440951038948541096e-01 4.279406199909791680e-02 9.522139887677014136e-02 -1.027127331020758899e-01 1.570098481133779811e-01 4.768952459107927283e-02 7.058805149846354710e-02 2.599020154280014261e-02 -6.947321089117742925e-03 -1.121692696282340918e-01
5.518891483560935951e-01 -2.926238829005170516e-01 -2.590349786104313989e-01 -1.538885288664587712e-03 4.903510563042982190e-02 9.295932898994686833e-02 2.161934059968126931e-01 -1.739952080628628384e-01 1.053719893049776951e-01 3.849728253119066163e-02 7.539147416867621188e-02 5.033917619461775184e-02 1.386474267516137060e-01 -1.161177137899682965e-01 2.287123809324548632e-02 4.244253596924024707e-02 6.845598748254878851e-02 2.657810592783846348e-02 -1.698016033613615819e-02 -1.418305085424008960e-01
4.039202924698729463e-02 -1.847372182887457859e-02 8.288552852116115588e-02 1.020181990848197627e-02 -2.578550299631434534e-02 4.274979247574827584e-02 9.854973491121274409e-02 1.770169047459220490e-01 -5.049985201711328087e-02 1.426290240151633082e-01 1.393906166767206745e-01 -4.902515541862650233e-02 -1.030940775744301624e-01 1.013926473341811713e-01 -2.137532834286964487e-02 8.017380386130905368e-02 3.676601743614424378e-02 2.588183568781422528e-01 3.772569892397259483e-01 -4.197076576780582879e-01
1.147487517611700120e-01 -1.071475174643534908e-02 1.349262488296826545e-01 3.787700593890531986e-02 -1.856820974176014508e-02 8.457909721127236657e-02 2.140919968572258525e-01 2.852548635042477798e-01 -1.943123151996128117e-01 2.023572243230210566e-01 4.548358149932935635e-01 -9.365633510358678526e-02 6.914739924744320310e-02 1.803044218285503597e-01 -1.402538363089955720e-01 -1.308431613697312590e-01 -3.987539899087666484e-02 5.341154463722767864e-02 -6.589970757416040159e-02 -2.935383481705661907e-02
7.209346625295677546e-02 -3.417129307811648392e-02 1.277686837387937979e-01 4.082953011577628022e-02 -3.286499883757689616e-02 7.288585155266733007e-02 1.459617617079011220e-01 1.677679697992764674e-01 -1.727814057112882218e-01 1.440050594604691259e-01 3.742855218370914616e-01 -7.690880978924458100e-02 9.407588662430403648e-02 8.406558426043328480e-02 -1.925901784945935058e-01 -8.039584786984782516e-02 -2.495229364985911968e-01 -7.638763225539189905e-02 -1.822417894663378168e-01 6.460792337747922609e-02
1.566967361784603052e-01 -7.853889710120569301e-02 1.299631961324463902e-01 7.339485079473534457e-02 4.232109558605173100e-02 1.044282480331086421e-01 2.451322388663302876e-01 2.290674861698631104e-01 -1.849063703265023118e-01 1.194084868425811241e-01 4.286416298702647176e-01 -6.062760756472099916e-02 1.815731794064747995e-01 1.141801791701924362e-01 -1.156406634120885624e-01 -1.871193644378029153e-01 -8.179484272918599586e-02 -8.706827282846069105e-02 -1.429179012921307501e-01 4.482821480076191328e-02
2.402368631658172854e-02 -6.758673736626953643e-03 4.524107215789835434e-02 -1.617964777830081108e-02 -2.101585633921121757e-02 -4.507636623957493073e-03 1.012233532565408184e-01 1.257733972732448247e-01 8.464168197813812244e-02 1.126936890432290311e-01 -1.659247225471105203e-01 4.003058030844205972e-02 4.826626583780410651e-02 1.529851690933431430e-02 2.937816388229759490e-02 3.715918514555007629e-02 -1.184116456833002456e-01 -1.645281595327701407e-01 -4.000516597305656813e-02 1.396875403662333759e-01
1.253442515319286577e-01 -3.709719933319992335e-02 1.626925713740018653e-01 -1.681489559000534303e-02 -4.664529668285480324e-02 -1.042486274535335371e-02 3.437585040608101550e-01 3.485792306671767760e-01 2.459646601243117847e-01 2.774036605918290821e-01 -4.130361886171144414e-01 3.661228247681001108e-02 1.047159102819100879e-01 3.658526727272391667e-03 -7.101503804553251607e-03 -3.691466726918510299e-02 -4.498503681798561582e-02 -5.299375368729523222e-02 -2.600594889277946589e-02 -1.012105138996460298e-02
1.191063698695562639e-01 -2.054075880615389635e-02 1.734253094396596140e-01 -1.737188962330208156e-02 -6.427214517629518953e-02 -1.779250342664224355e-02 3.442397551239470554e-01 3.726933797817021943e-01 2.298054724901972545e-01 2.841162593678314696e-01 -4.217338874379163438e-01 3.757936052018061995e-02 7.796143878660062587e-02 3.235567346207902928e-02 -2.742795076255915079e-02 -3.300207439218938443e-02 -1.906263622677076622e-02 -3.900437534500438702e-02 -2.638669845670031655e-02 -4.380485286782636462e-02
5.244745758932979618e-02 -1.527078478380279429e-02 8.117771455298462835e-02 2.394855238928521486e-03 -8.853649027212468284e-03 1.172902195971936047e-02 2.026953881041932415e-01 2.717962323064328500e-01 1.432852637360649273e-01 1.770449865827108393e-01 -2.725006544890071769e-01 -5.802542070634331660e-03 -1.257103485362805542e-02 8.375091823195691607e-03 2.199661857554592939e-02 2.351741619235141970e-03 4.249928938633217024e-02 1.645185925792551351e-02 -1.235579527137952577e-01 -1.066617560508814899e-01
